newgeorgia	malaita	makira	bukida	newgeorgia	malaita	makira	bukida
-1.0	-1.0	-1.0	-1.0	-1	-1	-1	-1
-1.0	-1.0	-1.0	-1.0	-1	-1	-1	-1
-1.0	-1.0	-1.0	0.00044	-1	-1	-1	-1
-1.0	-1.0	-1.0	-1.0	-1	-1	-1	-1
0.000573963	0.000199211	0.000121739	0.000297104	56	47	33	297
0.0014248	0.000595517	0.000462646	0.000998505	141	44	56	201
0.000434122	0.000348784	0.000390978	0.000522552	79	37	56	173
-1.0	-1.0	-1.0	-1.0	-1	-1	-1	-1
0.000784825	0.000901986	0.000383742	0.000948622	168	138	85	115
0.00100513	0.000474077	0.000514432	0.000984077	112	35	32	255
-1.0	-1.0	-1.0	-1.0	-1	-1	-1	-1
0.0010926	0.0010447	0.000752057	0.00148336	122	139	57	247
0.00152374	0.000747505	0.00053281	0.00164142	209	29	54	184
-1.0	-1.0	-1.0	4.0e-05	-1	-1	-1	-1
-1.0	-1.0	-1.0	-1.0	-1	-1	-1	-1
0.00163659	0.00108347	0.000233062	0.00130515	352	63	128	200
0.00179662	0.00128623	0.000730018	0.00122501	383	51	37	216
0.00139074	0.00124023	0.000871782	0.00155896	173	101	84	309
0.00120996	0.000541091	0.000457238	0.00155054	182	72	19	104
0.00141893	0.00174912	0.000988809	0.0015206	215	107	108	157
0.0013377	0.00140719	0.000893531	0.00141177	142	96	85	126
0.00100701	0.000838734	0.000487091	0.00115503	102	73	29	175
0.00157756	0.000948927	0.000719861	0.00155383	227	154	82	183
0.000987934	0.000907577	0.00112746	0.00169807	170	70	85	261
0.0015354	0.00110578	0.000113046	0.00156632	85	135	22	224
0.00117988	0.00109793	0.000938232	0.00128753	131	62	91	136
0.00082597	0.000749524	0.000742036	0.000913143	145	102	108	146
0.00161254	0.00147117	0.00121834	0.00172722	76	104	117	220
0.00150447	0.000772432	0.000364273	0.00146184	260	43	132	348
0.0013939	0.000636592	0.000764373	0.00167575	119	23	48	311
0.00131965	0.000846933	0.00092128	0.00147603	208	39	139	155
0.000198444	-1.0	-1.0	0.000277754	27	-1	-1	47
0.000281042	0.000196012	0.000142952	0.000378395	68	29	32	89
0.000506907	-1.0	-1.0	0.000772639	1	-1	-1	8
0.000158787	2.47047e-05	-1.0	0.000109328	44	8	-1	36
0.000517681	0.000117189	0.000112181	0.000236662	86	27	25	72
0.000895506	0.000555426	0.000466212	0.00127008	74	60	77	178
0.000458689	0.000557929	0.000374609	0.000576948	23	112	40	139
0.000103652	-1.0	-1.0	6.01448e-05	16	-1	-1	16
0.00154917	0.00100503	0.000803275	0.00161869	202	122	104	118
0.00161374	0.00133373	0.000578754	0.00152174	328	108	83	242
0.0011476	0.000580696	0.00029293	0.00105297	132	102	35	122
-1.0	-1.0	-1.0	-1.0	-1	-1	-1	-1
0.00146462	0.000640273	0.00101742	0.00149968	256	86	113	346
0.00130879	0.00073418	0.000851221	0.00113819	263	31	109	120
0.000830378	0.00024031	0.000289343	0.00137459	54	58	79	307
-1.0	-1.0	-1.0	-1.0	-1	-1	-1	-1
-1.0	-1.0	-1.0	-1.0	-1	-1	-1	-1
0.000781856	0.000568748	0.000644038	0.00086261	135	73	116	185
0.000420154	0.000266316	0.000259883	0.000769793	100	56	42	100
-1.0	-1.0	-1.0	-1.0	-1	-1	-1	-1
0.00126093	0.00122919	0.000603098	0.0013463	185	126	37	220
-1.0	-1.0	-1.0	-1.0	-1	-1	-1	-1
0.0010425	0.000372556	0.000311894	0.00086971	104	17	81	200
0.00128544	0.000959673	0.000996385	0.00152945	105	93	79	254
0.00151322	0.00132496	0.00108539	0.00158479	169	131	151	142
0.00182195	0.00127721	0.000969652	0.00179419	337	158	40	330
0.00119724	0.000958129	0.00036828	0.00184674	180	131	25	332
0.00119238	0.000814002	0.000607356	0.00150334	111	102	81	142
0.00144497	0.00111741	0.000948686	0.00163864	105	157	70	97
0.000672519	0.000531449	0.00028949	0.00101059	99	83	34	138
-1.0	-1.0	-1.0	-1.0	-1	-1	-1	-1
-1.0	-1.0	-1.0	-1.0	-1	-1	-1	-1
-1.0	-1.0	-1.0	-1.0	-1	-1	-1	-1
0.00157255	0.000788176	0.000848932	0.00146328	153	36	92	207
0.00146291	0.000702321	0.000555664	0.00131264	120	106	89	168
0.00110355	0.000400807	0.000383918	0.000789034	250	58	47	169
-1.0	-1.0	-1.0	-1.0	-1	-1	-1	-1
0.00108213	0.00116937	0.000639708	0.0010922	250	225	54	224
3.0e-05	-1.0	-1.0	0.0	-1	-1	-1	-1
0.00144984	0.00137902	0.00102496	0.00150693	233	134	117	313
0.00107977	0.00051092	0.00042429	0.00134733	108	56	69	156
0.000788185	0.000749216	0.000608555	0.000981563	161	72	47	143
0.00148267	0.00165368	0.00121281	0.00172276	184	49	77	216
0.00148952	0.00142983	0.00132839	0.00184522	280	51	229	256
-1.0	-1.0	-1.0	0.0	-1	-1	-1	-1
0.000224452	0.000135289	0.000120887	0.00041032	58	42	39	99
-1.0	-1.0	-1.0	-1.0	-1	-1	-1	-1
0.000355473	5.70093e-05	0.0	8.56648e-05	54	11	-1	36
-1.0	-1.0	-1.0	-1.0	-1	-1	-1	-1
0.000952988	0.0011628	0.000607595	0.00146384	177	90	86	110
0.00142271	0.00119987	0.000842555	0.00142484	144	65	67	194
0.0013694	0.00116098	0.000757217	0.00153814	188	38	88	307
0.000182997	4.49333e-05	0.0	0.000141739	67	20	-1	40
0.00152634	0.000653153	0.000623422	0.00128431	88	79	103	105
-1.0	-1.0	-1.0	-1.0	-1	-1	-1	-1
0.00136792	0.000781584	0.000911439	0.0015724	226	67	122	121
-1.0	-1.0	-1.0	-1.0	-1	-1	-1	-1
-1.0	-1.0	-1.0	-1.0	-1	-1	-1	-1
0.00108621	0.000776945	0.000418056	0.00141074	118	61	64	178
0.000713449	0.000128257	8.14611e-05	0.000541937	315	15	18	56
-1.0	-1.0	-1.0	-1.0	-1	-1	-1	-1
0.000529495	-1.0	-1.0	0.000417065	180	-1	-1	23
0.00178427	0.00142636	0.000929061	0.0018284	135	138	14	124
0.000293057	0.000308746	0.000314565	0.000347856	69	32	55	87
-1.0	-1.0	-1.0	-1.0	-1	-1	-1	-1
0.000839407	0.000719952	0.000397015	0.00109826	148	31	54	91
-1.0	-1.0	-1.0	-1.0	-1	-1	-1	-1
-1.0	-1.0	-1.0	-1.0	-1	-1	-1	-1
0.000327452	0.000283793	0.000273002	0.000536753	78	26	44	150
-1.0	-1.0	-1.0	-1.0	-1	-1	-1	-1
-1.0	-1.0	-1.0	-1.0	-1	-1	-1	-1
0.00146087	0.0010996	0.000766333	0.00150674	184	89	43	116
0.00192048	0.00119727	0.00114944	0.00188558	240	64	127	195
0.00159796	0.00078631	0.000410479	0.00136105	138	35	85	194
0.000986691	0.00022396	0.000188743	0.000967501	89	64	32	132
0.00125984	0.00090337	0.000441236	0.00149248	133	43	61	116
0.0	-1.0	-1.0	-1.0	-1	-1	-1	-1
0.00156572	0.001469	0.00063399	0.00184495	187	174	62	386
0.00056101	0.000198711	5.8067e-05	0.000543559	61	74	22	139
-1.0	-1.0	-1.0	-1.0	-1	-1	-1	-1
0.00151451	0.00141609	0.00123713	0.00168482	111	55	60	314
0.00182934	0.00114772	0.00111915	0.00160598	338	66	133	208
0.00122438	0.000723548	0.000610174	0.00125588	174	84	29	165
0.00159156	0.00111772	0.000407325	0.00158884	195	60	24	165
0.0011693	0.00108507	0.000439691	0.00156036	211	91	94	86
-1.0	-1.0	-1.0	-1.0	-1	-1	-1	-1
-1.0	-1.0	-1.0	-1.0	-1	-1	-1	-1
-1.0	-1.0	-1.0	-1.0	-1	-1	-1	-1
-1.0	-1.0	-1.0	-1.0	-1	-1	-1	-1
0.000925693	0.000580975	0.000494448	0.000865314	325	63	47	215
0.00170727	0.00129199	0.00103827	0.00166392	212	56	73	195
-1.0	-1.0	-1.0	0.0	-1	-1	-1	-1
0.00113654	0.000719758	0.000788264	0.00124726	164	123	102	290
0.000703929	0.00105717	0.000463447	0.00107044	97	134	42	190
0.00120957	0.000756838	0.000814382	0.0011963	300	47	89	141
0.0012586	0.000988427	0.000710438	0.00165467	186	210	87	307
0.00130958	0.000709811	0.000669482	0.00131645	194	68	69	126
0.000193951	0.000122902	8.62493e-05	0.000295239	59	35	31	270
0.000679706	0.000709915	0.000627409	0.000952754	122	99	64	139
0.0010037	0.000892497	0.000449152	0.00111496	75	101	197	95
0.00137336	0.00154236	0.00141428	0.00147014	119	143	134	112
0.000817726	0.000701212	0.000511681	0.00106878	103	34	112	289
0.000776211	0.000581947	0.000193683	0.00132985	83	129	65	336
0.00138135	0.000840308	0.000694562	0.00115112	341	74	38	137
0.00162221	0.000898296	0.000590039	0.00173378	106	80	47	168
-1.0	-1.0	-1.0	-1.0	-1	-1	-1	-1
0.00105507	0.000724308	0.000787445	0.00106601	93	109	37	121
0.000881214	0.000542671	0.000604189	0.00087416	236	88	107	136
-1.0	-1.0	-1.0	-1.0	-1	-1	-1	-1
0.00153093	0.00129726	0.000824614	0.00180708	140	126	66	203
-1.0	-1.0	-1.0	-1.0	-1	-1	-1	-1
0.000903259	0.000745341	0.00061778	0.00096352	260	81	33	88
0.000375123	0.000302527	0.000248546	0.000382756	92	60	44	125
0.00143762	0.00142939	0.000553676	0.00146723	267	155	51	134
-1.0	-1.0	-1.0	-1.0	-1	-1	-1	-1
-1.0	-1.0	-1.0	-1.0	-1	-1	-1	-1
-1.0	-1.0	-1.0	-1.0	-1	-1	-1	-1
0.00156837	0.000691298	0.000711583	0.00166083	161	69	105	264
0.0010678	0.000768235	0.000501099	0.00133727	234	27	36	310
0.00140596	0.000977961	0.000905944	0.00167266	151	55	44	212
0.00130109	0.000608271	0.000244968	0.00157593	340	127	36	136
0.00129561	0.00106862	0.000499931	0.00146637	173	92	69	297
0.00158322	0.000979065	0.000763019	0.00131892	125	89	89	173
0.00031763	0.000231087	0.000237823	0.000328992	75	67	52	67
-1.0	-1.0	-1.0	-1.0	-1	-1	-1	-1
-1.0	-1.0	-1.0	-1.0	-1	-1	-1	-1
-1.0	-1.0	-1.0	-1.0	-1	-1	-1	-1
0.000597338	0.000861737	0.000233665	0.0011728	90	148	36	258
0.00162638	0.000720754	0.000823428	0.00180346	182	77	101	239
0.00105136	0.00045225	0.000321113	0.00120184	101	135	48	127
0.00123726	0.00110272	0.000958184	0.00157024	132	123	43	171
-1.0	-1.0	-1.0	-1.0	-1	-1	-1	-1
0.00128342	0.00129014	0.000825963	0.00143579	294	71	204	48
0.00121385	0.00128589	0.00116464	0.00134221	96	103	93	224
0.000488002	0.000483761	0.000262684	0.000585612	141	50	58	125
-1.0	-1.0	-1.0	-1.0	-1	-1	-1	-1
-1.0	-1.0	-1.0	-1.0	-1	-1	-1	-1
0.000106975	6.27941e-05	-1.0	0.000147185	33	22	-1	52
-1.0	-1.0	-1.0	-1.0	-1	-1	-1	-1
-1.0	-1.0	-1.0	-1.0	-1	-1	-1	-1
0.00137674	0.00121598	0.000732515	0.00164417	172	167	57	246
0.000904283	0.000725221	0.000604841	0.000922415	133	106	120	91
0.000665968	0.000537553	0.000540598	0.000698187	98	113	112	130
0.00134545	0.000827487	0.000866235	0.00137153	249	44	46	228
0.00165013	0.000933435	0.000783043	0.00176231	182	40	54	151
-1.0	-1.0	-1.0	-1.0	-1	-1	-1	-1
0.00172439	0.00151845	0.000663091	0.00175348	264	143	38	230
-1.0	-1.0	-1.0	-1.0	-1	-1	-1	-1
0.000467003	0.000525454	0.000202429	0.000637542	83	83	20	116
-1.0	-1.0	-1.0	-1.0	-1	-1	-1	-1
-1.0	-1.0	-1.0	-1.0	-1	-1	-1	-1
0.00110283	0.00144595	0.00100995	0.00133897	105	124	23	431
0.00156385	0.00113488	0.00132887	0.00162417	95	69	111	114
0.00117512	0.000948302	0.000659733	0.00133833	101	31	57	256
-1.0	-1.0	-1.0	-1.0	-1	-1	-1	-1
0.000447443	0.000318704	0.000387291	0.000471153	108	79	72	133
-1.0	-1.0	-1.0	-1.0	-1	-1	-1	-1
-1.0	-1.0	-1.0	-1.0	-1	-1	-1	-1
0.00102134	0.00111581	0.00085702	0.00107193	115	70	59	130
-1.0	-1.0	-1.0	-1.0	-1	-1	-1	-1
-1.0	-1.0	-1.0	-1.0	-1	-1	-1	-1
0.00166765	0.000715728	0.000376955	0.00173965	160	44	21	84
-1.0	-1.0	-1.0	-1.0	-1	-1	-1	-1
-1.0	-1.0	-1.0	-1.0	-1	-1	-1	-1
0.00166884	0.00110015	0.00090266	0.00142286	264	73	54	268
0.00174217	0.00110598	0.00044923	0.00157189	221	73	91	152
0.0014536	0.00129997	0.000875926	0.00156866	98	94	102	211
0.00167374	0.00138789	0.00123382	0.00171492	226	126	68	145
-1.0	-1.0	-1.0	-1.0	-1	-1	-1	-1
0.00165887	0.00119911	0.00104173	0.00142999	213	48	135	155
0.00144425	0.00137541	0.000410051	0.00161569	139	139	108	178
0.000302145	7.1322e-05	5.64061e-05	0.000233673	40	22	21	48
0.00170836	0.00136987	0.000785816	0.00180485	170	225	37	221
0.00158185	0.00129402	0.00122762	0.00171339	234	82	157	149
-1.0	-1.0	-1.0	-1.0	-1	-1	-1	-1
-1.0	-1.0	-1.0	-1.0	-1	-1	-1	-1
0.0015644	0.00151571	0.000829813	0.00193444	193	116	68	238
-1.0	-1.0	-1.0	-1.0	-1	-1	-1	-1
0.000993496	0.000680575	0.000280669	0.00084396	207	102	46	127
0.000701296	0.000651097	0.000122627	0.00106643	102	67	37	182
-1.0	-1.0	-1.0	-1.0	-1	-1	-1	-1
0.00152583	0.00116385	0.00109144	0.00198638	99	44	126	289
0.0011461	0.000743387	0.000586687	0.00104093	166	69	52	205
0.00148419	0.000686412	0.000400484	0.0014853	167	147	49	228
0.000308649	0.00137348	0.000199221	0.000791925	100	210	44	269
0.000924506	0.00065209	0.000772451	0.00107474	147	68	40	255
0.000299176	0.00012592	6.0658e-05	0.000304542	53	30	19	107
0.00104304	0.00111617	0.000286678	0.00114474	150	72	102	274
0.00123603	0.00079964	0.000928996	0.00131301	207	123	29	227
-1.0	-1.0	-1.0	-1.0	-1	-1	-1	-1
-1.0	-1.0	-1.0	-1.0	-1	-1	-1	-1
0.000790517	0.00136907	0.000616711	0.00170571	158	138	24	341
0.00129375	0.00108922	0.00100654	0.00155659	93	71	144	218
0.00070371	0.000647823	0.000596804	0.000818319	83	37	102	177
-1.0	-1.0	-1.0	-1.0	-1	-1	-1	-1
0.00118552	0.000921396	0.0010499	0.00126967	216	35	71	44
-1.0	-1.0	-1.0	0.0	-1	-1	-1	-1
0.00142101	0.00139543	0.000559461	0.00154096	123	232	30	244
0.00107336	0.00105923	0.000905232	0.00144419	53	104	94	237
-1.0	-1.0	-1.0	-1.0	-1	-1	-1	-1
0.00170639	0.00165062	0.00157951	0.00170433	318	150	57	188
0.0015411	0.000638725	0.000708242	0.00157112	137	19	55	250
0.00146622	0.00122131	0.000674176	0.00177017	382	63	113	319
0.00137391	0.000477112	0.000895418	0.00167037	118	54	125	310
0.00152183	0.000868373	0.000471804	0.00177382	65	111	79	197
-1.0	-1.0	-1.0	-1.0	-1	-1	-1	-1
0.00166631	0.00127616	0.000701048	0.00158278	319	101	35	380
0.000388949	0.000276782	0.000259594	0.000712898	80	63	57	357
0.000808884	0.0011587	0.000468861	0.00122997	125	55	42	214
-1.0	-1.0	-1.0	0.0	-1	-1	-1	-1
0.00143151	0.000719162	0.0012592	0.00168379	161	58	101	134
0.000512403	0.000413597	0.000338353	0.000564262	95	49	49	97
0.00014531	8.23375e-05	1.61542e-05	0.00097895	48	17	4	275
0.00147376	0.000710939	0.000880568	0.00165319	151	125	108	136
0.00113735	0.0006068	0.000462101	0.00110451	265	68	103	151
0.00132057	0.00106205	0.000869301	0.00159706	146	46	143	160
-1.0	-1.0	-1.0	-1.0	-1	-1	-1	-1
0.000750781	0.000919028	0.000656008	0.00098428	103	93	42	194
-1.0	-1.0	-1.0	-1.0	-1	-1	-1	-1
0.000997104	0.000703605	0.000573147	0.00111931	147	68	40	101
0.000328151	0.000286199	0.000229272	0.000424638	99	47	59	156
-1.0	-1.0	-1.0	0.0	-1	-1	-1	-1
0.000372007	0.000322124	0.000249416	0.000444902	105	40	34	133
-1.0	-1.0	-1.0	0.0	-1	-1	-1	-1
0.00130704	0.00101071	0.000173282	0.00157537	141	164	34	101
-1.0	-1.0	-1.0	-1.0	-1	-1	-1	-1
0.00156344	0.000963181	0.000985651	0.00180099	199	126	72	220
-1.0	-1.0	-1.0	-1.0	-1	-1	-1	-1
-1.0	-1.0	-1.0	-1.0	-1	-1	-1	-1
0.000973091	0.00043308	0.000349843	0.00140055	108	76	38	142
0.000711077	0.000818964	0.000783001	0.000891962	157	169	57	126
-1.0	-1.0	-1.0	-1.0	-1	-1	-1	-1
0.00158855	0.0010152	0.000907974	0.00135876	255	154	117	208
0.00158289	0.000877024	0.00121518	0.00158668	255	77	124	149
0.00152841	0.000957002	0.00063781	0.00129624	265	46	38	282
0.000784165	0.000562867	0.000560606	0.000831378	176	123	98	197
0.00179962	0.000969732	0.000913171	0.0011327	251	52	70	175
0.000528425	8.02097e-05	1.83562e-05	0.000264921	204	7	3	66
-1.0	-1.0	-1.0	-1.0	-1	-1	-1	-1
0.00121816	0.00111369	0.00108115	0.00141658	210	129	105	173
0.00158958	0.00154505	0.000914228	0.00187534	133	122	52	262
-1.0	-1.0	-1.0	-1.0	-1	-1	-1	-1
0.00162178	0.00107309	0.00111012	0.00180093	136	99	53	182
0.00136519	0.00176125	0.00130577	0.00192343	144	211	81	322
0.000107717	1.41773e-05	5.0e-06	0.000160317	25	4	-1	70
0.00134043	0.000920602	0.000324187	0.00130618	196	90	27	217
-1.0	-1.0	-1.0	-1.0	-1	-1	-1	-1
-1.0	-1.0	-1.0	-1.0	-1	-1	-1	-1
0.000897052	0.000736862	0.000461579	0.000879137	171	136	79	267
0.00145497	0.00121108	0.000644401	0.00161026	163	22	56	209
-1.0	-1.0	-1.0	-1.0	-1	-1	-1	-1
-1.0	-1.0	-1.0	-1.0	-1	-1	-1	-1
0.00112434	0.000870873	0.000981154	0.0012942	172	69	104	166
-1.0	-1.0	-1.0	-1.0	-1	-1	-1	-1
-1.0	-1.0	-1.0	-1.0	-1	-1	-1	-1
5.0e-06	-1.0	-1.0	-1.0	-1	-1	-1	-1
-1.0	-1.0	-1.0	-1.0	-1	-1	-1	-1
0.00106036	0.000839607	0.00073378	0.00130855	94	76	19	370
0.000908252	0.000790348	0.000505248	0.00117593	78	101	86	188
-1.0	-1.0	-1.0	-1.0	-1	-1	-1	-1
0.00141596	0.000801718	0.000581293	0.00140365	192	58	77	127
0.00144623	0.000962859	0.000377269	0.00113547	372	106	32	132
0.00176833	0.00133183	0.00096605	0.00177654	260	18	67	212
0.00114571	0.000567504	0.000534171	0.00112549	222	43	88	167
0.00157858	0.00140522	0.000157541	0.00183018	130	195	25	324
-1.0	-1.0	-1.0	-1.0	-1	-1	-1	-1
0.00116935	0.0014828	0.00108076	0.00180719	167	56	99	124
0.00107796	0.000995444	0.00151158	0.00134038	136	18	180	261
0.00145419	0.00111348	0.00119751	0.00164683	148	113	201	283
0.00114833	0.0012396	0.000989421	0.00171223	134	91	66	110
0.00107636	0.000692581	0.000452767	0.00115144	268	69	54	246
0.000469318	0.000354319	0.000304039	0.000757936	143	52	48	304
-1.0	-1.0	-1.0	-1.0	-1	-1	-1	-1
-1.0	-1.0	-1.0	-1.0	-1	-1	-1	-1
0.00154359	0.000696648	0.000747788	0.00171794	301	54	97	353
0.000909129	0.000318906	0.000307937	0.000483403	168	63	72	123
5.0e-06	-1.0	-1.0	-1.0	-1	-1	-1	-1
-1.0	-1.0	-1.0	-1.0	-1	-1	-1	-1
0.000366028	0.000337287	0.000194327	0.000447235	100	50	36	186
0.000333047	0.000544712	0.000426166	0.000651228	59	91	13	114
-1.0	-1.0	-1.0	-1.0	-1	-1	-1	-1
-1.0	-1.0	-1.0	-1.0	-1	-1	-1	-1
0.00194416	0.00126569	0.00150104	0.00191635	355	91	60	287
-1.0	-1.0	-1.0	-1.0	-1	-1	-1	-1
-1.0	-1.0	-1.0	-1.0	-1	-1	-1	-1
0.00127922	0.00121369	0.000891621	0.0012419	115	65	92	131
-1.0	-1.0	-1.0	-1.0	-1	-1	-1	-1
-1.0	-1.0	-1.0	-1.0	-1	-1	-1	-1
0.000728893	0.000255622	0.000153749	0.000702981	73	32	43	74
0.00154966	0.00110313	0.00102654	0.00146367	123	36	47	178
-1.0	-1.0	-1.0	0.0	-1	-1	-1	-1
0.00132012	0.000259113	0.000102564	0.00117802	152	83	25	128
0.000623001	0.000628522	0.000476733	0.000695619	91	118	70	94
-1.0	-1.0	-1.0	-1.0	-1	-1	-1	-1
-1.0	-1.0	-1.0	-1.0	-1	-1	-1	-1
0.00130506	0.00130418	0.00120626	0.00164428	105	36	42	242
0.000533178	0.000307847	0.000309604	0.000780451	108	31	42	131
0.00150951	0.0016959	0.00132106	0.0018231	133	162	40	124
-1.0	-1.0	-1.0	-1.0	-1	-1	-1	-1
0.000581657	0.000490794	0.000233466	0.000666933	121	103	38	103
0.00119658	0.00105187	0.000885252	0.0015599	86	138	260	315
-1.0	-1.0	-1.0	-1.0	-1	-1	-1	-1
0.00159152	0.00121068	0.000634668	0.00145281	142	127	76	295
0.00155289	0.00132565	0.000409009	0.00162739	318	34	58	103
0.00162751	0.00122626	0.000804911	0.00169213	136	69	24	285
0.00188494	0.00151456	0.000549881	0.00178218	149	133	114	216
0.00131143	0.00116758	0.00125112	0.00134234	125	93	122	129
0.000865972	0.00120254	0.00105868	0.00151468	189	14	119	234
0.000824001	0.000807282	0.00030014	0.000941764	141	135	17	222
0.00156304	0.00103746	0.000160376	0.00159816	213	109	51	194
-1.0	-1.0	-1.0	-1.0	-1	-1	-1	-1
0.0012239	0.00102498	0.00047038	0.00119259	203	59	53	110
0.00175923	0.00127522	0.000875318	0.00161872	140	120	58	275
0.00130047	0.000908086	0.000875502	0.00121007	480	32	183	207
0.00152669	0.000890772	0.000987275	0.00126479	138	144	126	169
0.00183034	0.000697087	0.000791303	0.00181226	259	67	73	306
0.00142667	0.000954558	0.0013655	0.00174872	159	40	29	309
6.04352e-05	1.77569e-05	-1.0	0.000149673	28	6	-1	247
0.000485813	0.000453846	0.000418875	0.000543541	105	28	75	126
0.00109463	0.00173378	0.000796154	0.00170482	184	207	122	302
0.00122824	0.000734137	0.00103625	0.00133522	209	64	116	191
0.00135493	0.00113475	0.000378442	0.00140884	111	66	60	158
0.000753841	0.000705375	0.00044412	0.000800021	143	69	34	160
0.00107236	0.000703746	0.000488629	0.00112007	129	56	78	177
0.00101433	0.000889814	0.000576751	0.0011481	147	141	84	118
0.00107341	0.000442102	0.000343909	0.000631565	297	59	71	183
-1.0	-1.0	-1.0	-1.0	-1	-1	-1	-1
0.00086675	0.000333557	0.000289083	0.00128123	157	45	40	109
0.000568369	0.000435795	0.000234559	0.00048042	128	62	22	62
0.00108551	0.00129519	0.00112659	0.00131073	179	61	71	102
5.1384e-05	-1.0	-1.0	0.000155702	6	-1	-1	29
0.00144415	0.00111636	0.000500542	0.00163717	187	97	138	175
-1.0	-1.0	-1.0	-1.0	-1	-1	-1	-1
0.00118717	0.0011265	0.000702981	0.001514	143	102	123	165
-1.0	-1.0	-1.0	-1.0	-1	-1	-1	-1
0.00089998	0.000702583	0.000177607	0.00100525	91	108	34	173
0.000276096	1.30603e-05	-1.0	0.000857633	52	11	-1	328
0.00103888	0.000820777	0.000855732	0.00116224	83	133	70	49
0.0012701	0.000603848	0.000490422	0.00109225	127	86	71	168
-1.0	-1.0	-1.0	-1.0	-1	-1	-1	-1
0.00174904	0.00117009	0.00138313	0.00191703	197	81	69	236
0.00160751	0.00113219	0.00090866	0.0015156	393	175	111	175
0.000669745	0.000509081	0.000457169	0.0006393	260	39	37	142
0.00156123	0.00139949	0.00125378	0.001705	88	40	81	120
-1.0	-1.0	-1.0	-1.0	-1	-1	-1	-1
0.00139733	0.000951712	0.000479919	0.00157396	211	43	52	105
0.00141634	0.000839476	0.000786444	0.00145269	159	102	25	179
0.0013788	0.000611946	0.000138443	0.000812985	324	90	18	194
0.0	-1.0	-1.0	-1.0	-1	-1	-1	-1
0.000467043	0.000431811	0.000373262	0.000485713	148	90	27	80
0.0011135	0.000459938	0.000367756	0.00131843	99	84	24	159
-1.0	-1.0	-1.0	-1.0	-1	-1	-1	-1
0.00159664	0.00133157	0.00112426	0.0016371	304	136	95	166
-1.0	-1.0	-1.0	-1.0	-1	-1	-1	-1
-1.0	-1.0	-1.0	-1.0	-1	-1	-1	-1
0.00111268	0.00117943	0.000130459	0.00164759	50	116	45	326
0.00128556	0.000998573	0.000723811	0.00104411	198	54	31	180
0.00116006	0.000500749	0.000563888	0.00107651	194	47	147	145
0.00132055	0.000858845	0.00104661	0.00153285	183	58	44	165
0.00174611	0.00117875	0.000295257	0.00154403	322	132	55	348
0.000807732	0.000467972	7.13551e-05	0.00128366	180	50	25	386
0.001122	0.000823111	0.000597493	0.0010842	73	42	87	131
-1.0	-1.0	-1.0	-1.0	-1	-1	-1	-1
0.0010529	0.00110316	0.000600662	0.0011803	187	187	86	200
0.00119661	0.000981058	0.000994639	0.00135942	244	47	25	289
-1.0	-1.0	-1.0	-1.0	-1	-1	-1	-1
-1.0	-1.0	-1.0	-1.0	-1	-1	-1	-1
-1.0	-1.0	-1.0	-1.0	-1	-1	-1	-1
-1.0	-1.0	-1.0	-1.0	-1	-1	-1	-1
0.00105773	0.000582145	0.000554683	0.000794408	236	81	59	165
0.00101197	0.000747917	0.000452533	0.00108916	85	138	51	141
0.00142094	0.00115647	0.000830363	0.00145989	288	83	22	57
-1.0	-1.0	-1.0	0.0	-1	-1	-1	-1
0.00148577	0.000350877	0.000375498	0.000566186	271	43	41	186
0.00169499	0.000596409	0.000788131	0.00179571	139	70	81	138
0.00050378	0.000400309	0.000384172	0.00101429	130	26	30	268
0.00147834	0.000873715	0.000403447	0.00167704	138	154	40	74
0.000719678	0.000476358	0.000208333	0.000776292	97	107	53	190
0.00134144	0.00126412	0.00111663	0.00161998	227	160	78	193
0.00141622	0.000939999	0.000135132	0.00136806	301	153	33	139
0.000409533	0.000199153	0.000110069	0.000387537	73	39	28	96
-1.0	-1.0	-1.0	-1.0	-1	-1	-1	-1
-1.0	-1.0	-1.0	-1.0	-1	-1	-1	-1
-1.0	-1.0	-1.0	-1.0	-1	-1	-1	-1
-1.0	-1.0	-1.0	-1.0	-1	-1	-1	-1
0.00114856	0.000377469	0.000310375	0.00125853	106	42	56	156
0.000460382	0.000363877	0.000264178	0.000627615	91	30	64	159
0.000496942	0.000435747	0.000321957	0.000547088	142	54	49	123
-1.0	-1.0	-1.0	-1.0	-1	-1	-1	-1
0.00107373	0.00102533	0.000742764	0.00171377	98	45	70	451
0.00138408	0.00119129	0.000760571	0.00152659	96	165	112	211
-1.0	-1.0	-1.0	-1.0	-1	-1	-1	-1
-1.0	-1.0	-1.0	-1.0	-1	-1	-1	-1
0.000549659	0.000342277	8.3852e-05	0.000557314	97	18	18	82
0.00153426	0.00063434	0.00127662	0.00181019	327	67	144	236
0.00124837	0.00119107	0.00110239	0.00148592	74	204	44	321
-1.0	-1.0	-1.0	-1.0	-1	-1	-1	-1
-1.0	-1.0	-1.0	-1.0	-1	-1	-1	-1
0.0013637	0.000680541	0.000974033	0.00155763	145	52	156	270
-1.0	-1.0	-1.0	-1.0	-1	-1	-1	-1
0.00140923	0.0013283	0.000682317	0.00168924	235	116	91	184
-1.0	-1.0	-1.0	-1.0	-1	-1	-1	-1
0.00155011	0.000862237	0.00110841	0.00163057	188	94	231	143
0.00111135	0.00101677	0.00110639	0.00176673	153	39	148	334
0.000863949	0.000647737	0.000444515	0.000904532	174	87	41	113
0.00161118	0.00148579	0.000389533	0.00167964	149	215	62	165
-1.0	-1.0	-1.0	-1.0	-1	-1	-1	-1
-1.0	-1.0	-1.0	-1.0	-1	-1	-1	-1
0.00103395	0.00105094	0.000292922	0.00118758	116	114	60	88
-1.0	-1.0	-1.0	-1.0	-1	-1	-1	-1
-1.0	-1.0	-1.0	-1.0	-1	-1	-1	-1
-1.0	-1.0	-1.0	-1.0	-1	-1	-1	-1
0.00158229	0.000866612	0.000543222	0.00165143	276	190	64	167
0.0012957	0.000792609	0.000307014	0.00136305	295	39	30	144
-1.0	-1.0	-1.0	-1.0	-1	-1	-1	-1
0.00147861	0.00108875	0.000147705	0.00163021	150	231	32	204
0.00102733	0.000950857	0.00051316	0.0011268	143	50	106	134
0.00168537	0.00123568	0.000265058	0.00159579	186	102	24	189
0.00144506	0.000624344	0.000652168	0.0015188	186	66	118	81
-1.0	-1.0	-1.0	-1.0	-1	-1	-1	-1
-1.0	-1.0	-1.0	-1.0	-1	-1	-1	-1
0.00098793	0.000588908	0.000316251	0.00107545	201	76	39	117
0.000160743	-1.0	0.0	0.000161962	45	-1	-1	36
0.00129207	0.000869994	0.000748481	0.00179187	136	126	61	176
-1.0	-1.0	-1.0	-1.0	-1	-1	-1	-1
0.00170348	0.000396548	0.000413099	0.000979062	321	57	48	100
0.00162822	0.00122894	0.000546992	0.00163041	186	104	81	165
-1.0	-1.0	-1.0	-1.0	-1	-1	-1	-1
0.000999214	0.000660136	0.000592732	0.00109889	116	72	83	268
0.000677344	0.000577217	0.000367589	0.000938945	152	126	70	137
0.00130215	0.00102702	0.000300347	0.00157053	92	84	53	221
0.00175707	0.00106149	0.00110429	0.00157833	90	70	107	135
0.000148987	-1.0	-1.0	0.000157787	82	-1	-1	60
0.00129082	0.00100317	0.000467257	0.00128667	223	114	26	94
0.000404719	0.00012782	0.000117592	0.000336074	125	43	19	69
0.00131713	0.00108547	0.00114052	0.00197587	192	31	82	383
0.000847096	0.000639959	0.000654733	0.000877535	153	77	29	167
0.00176135	0.00151899	0.00148206	0.00196166	169	103	90	80
0.00017085	0.000217704	0.000151905	0.000254285	59	47	33	98
-1.0	-1.0	-1.0	-1.0	-1	-1	-1	-1
0.00125423	0.000829497	0.000587165	0.00142934	185	113	41	94
0.00170005	0.00114287	0.000709646	0.00188151	162	37	30	271
-1.0	-1.0	-1.0	-1.0	-1	-1	-1	-1
-1.0	-1.0	-1.0	-1.0	-1	-1	-1	-1
0.00177817	0.00140942	0.00110146	0.00186032	232	43	136	166
-1.0	-1.0	-1.0	1.0e-05	-1	-1	-1	-1
0.00113828	0.000816375	0.000789704	0.00152779	188	68	52	345
0.000148135	-1.0	-1.0	0.000314837	7	-1	-1	24
0.000950881	0.000623095	0.000497147	0.000949612	145	40	20	170
0.00175136	0.000572446	0.000789153	0.00184464	149	28	76	88
0.00155486	0.000983064	0.000885306	0.00179526	151	40	25	230
0.00181664	0.000781566	0.00116283	0.00177005	218	29	194	218
0.00161035	0.000501173	0.00123295	0.00162725	237	58	144	358
0.00159538	0.0014983	0.000880418	0.00164872	140	81	28	350
0.000639412	0.000445848	0.000433234	0.000605679	167	84	45	173
0.00137993	0.00105635	0.0008369	0.00155854	149	64	61	205
0.00119204	0.000337406	0.000454799	0.00124251	215	45	68	94
0.00184466	0.00131215	0.00148608	0.00192267	280	78	123	324
0.000911089	0.000928398	0.0001942	0.000955172	53	42	27	163
0.000737019	0.000583651	0.00027641	0.000785996	185	32	53	171
0.000677857	0.000667939	0.000415456	0.00112359	119	51	36	274
0.000883028	0.000658175	0.000512258	0.00103611	168	78	67	157
0.00175702	0.00118401	0.0013167	0.00164004	136	87	94	175
0.00125674	0.000867714	0.000568625	0.00140744	162	102	159	163
0.00164131	0.00103179	0.00102175	0.001707	147	166	97	158
0.00144827	0.00168284	0.00061185	0.00171897	249	202	59	79
0.00123765	0.00123693	0.00119878	0.00166066	104	202	137	289
0.00108864	0.000597691	0.00129985	0.00117964	116	71	66	93
0.00173892	0.00138944	0.00141125	0.0015904	188	78	119	188
