newgeorgia	malaita	makira	bukida	newgeorgia	malaita	makira	bukida
0.00102055	0.000242684	0.000195609	0.000858783	294	44	31	117
0.00156796	0.001223	0.0014511	0.00164671	221	66	204	78
0.000729735	0.00142822	0.00123791	0.0018512	45	85	142	306
0.00161192	0.00146357	0.000890399	0.00171165	158	30	55	129
0.00129761	0.000849105	0.000827528	0.00133372	93	37	57	342
0.00159087	0.00149622	0.00114478	0.00148442	225	68	142	175
0.00167225	0.00132107	0.00109656	0.00153654	199	87	37	106
0.00178632	0.00149698	0.00120899	0.00187458	119	68	137	172
0.00162721	0.00139682	0.000864105	0.00160771	237	109	42	203
0.00134582	0.0015331	0.00119104	0.00165759	84	96	101	365
0.00160973	0.00155577	0.00131155	0.00176353	67	134	34	296
0.00172743	0.00139712	0.00135795	0.00183255	93	104	75	94
0.00128923	0.00104906	0.000992706	0.00158064	71	93	143	153
0.00174448	0.00128221	0.00157266	0.00189974	83	56	60	109
0.00119867	0.00119997	0.00063974	0.00110914	151	35	46	118
0.0013934	0.000967905	0.00102095	0.00161651	179	106	45	247
0.0016883	0.00160575	0.000644058	0.00198754	87	143	60	255
0.00162364	0.000877357	0.00102005	0.00162338	404	144	153	180
0.00175487	0.00131867	0.00115927	0.00169131	275	70	103	119
0.00166207	0.000592883	0.00103061	0.0017576	38	53	114	143
0.00171396	0.0013763	0.00152247	0.00195048	275	74	172	195
0.00159597	0.00145408	0.000910272	0.00194191	87	101	65	347
0.00179405	0.00154967	0.00136893	0.0017942	231	127	31	80
0.00157467	0.00079147	0.00121042	0.00161829	205	109	154	126
0.00184458	0.00161697	0.000697282	0.00172145	111	53	92	117
0.00171	0.00126278	0.00160748	0.00197744	162	46	53	219
0.00123486	0.00131071	0.000265511	0.00164712	112	108	73	132
0.00154195	0.0011985	0.00124964	0.00171711	114	132	121	238
0.00182479	0.00158132	0.00150358	0.00187052	139	58	280	263
0.00174676	0.000816686	0.000775558	0.00159777	119	28	87	116
0.0016378	0.00152611	0.0013692	0.00160806	88	132	57	58
0.00141046	0.00151965	0.00136411	0.0014715	99	140	72	182
0.00125479	0.00112526	0.00122211	0.00185608	116	72	70	253
0.00187345	0.00159335	0.00127562	0.00139486	305	87	52	199
0.00183011	0.00146203	0.00139756	0.0018331	304	60	85	105
0.00155561	0.00138929	0.000830862	0.00194336	84	120	107	306
0.00158281	0.00103442	0.00061646	0.00164044	111	140	43	137
0.00132116	0.00114001	0.000845509	0.00152959	187	84	24	99
0.00149838	0.00127088	0.00086628	0.00161339	46	71	96	248
0.0017726	0.00123332	0.000413461	0.00196793	131	76	74	128
0.00177686	0.000796568	0.000538994	0.00198688	467	61	43	270
0.00146742	0.00141002	0.000646491	0.00185805	293	38	65	323
0.00146125	0.00138728	0.0011996	0.00158185	73	56	117	103
0.00164716	0.00155213	0.00170005	0.0018162	90	146	143	224
0.0012942	0.00117599	0.0012994	0.00188002	312	44	58	195
0.0015301	0.00153432	0.00131293	0.00153092	165	112	111	166
0.00140082	0.00111072	0.00131601	0.00156315	193	52	154	349
0.0013592	0.00118596	0.000597559	0.00165218	102	145	75	164
0.00185301	0.00144041	0.00114124	0.00176829	253	67	109	203
0.00150493	0.00117659	0.000524269	0.00181291	221	180	37	213
0.00153648	0.00157363	0.00151728	0.0016519	143	79	169	92
0.00128442	0.00158806	0.00112887	0.00152062	31	188	113	259
0.00123585	0.00131199	0.00113091	0.00176544	110	141	74	162
0.00191649	0.00144816	0.00089841	0.0017771	403	72	50	160
0.00168231	0.00146381	0.000341986	0.00177527	93	177	59	182
0.00143111	0.00169935	0.00131827	0.0020588	273	34	62	271
0.00157512	0.00121536	0.000335527	0.00157165	237	124	45	282
0.00125292	0.00113185	0.000596212	0.00129237	309	133	89	156
0.00158188	0.00139978	0.000257667	0.00151762	153	95	36	55
0.00149269	0.00113382	0.00147411	0.00168852	420	30	143	105
0.00171629	0.000612387	0.00112128	0.00194427	83	85	54	341
0.00173058	0.0015168	0.00070402	0.00180886	138	75	57	204
0.00164646	0.00109585	0.000229463	0.0016841	272	31	29	149
0.00161022	0.000770779	0.00120628	0.00190873	72	40	67	226
0.001933	0.00142273	0.00135388	0.00187723	245	62	102	312
0.0014295	0.00142272	0.0012795	0.00178702	168	51	104	315
0.0014887	0.00107949	0.000642515	0.00202938	49	169	29	296
0.00171439	0.00159261	0.0014049	0.00190124	134	62	64	272
0.00158384	0.00160539	0.000958398	0.00145815	95	79	54	174
0.00171247	0.00159045	0.00120477	0.00175247	144	101	58	156
0.00168138	0.0013922	0.000851684	0.00160435	194	50	132	398
0.00144669	0.00119352	0.00113711	0.00150626	231	74	48	141
0.00180808	0.00123644	0.000464544	0.00165316	169	161	40	260
0.00132475	0.00133714	0.00101608	0.00148882	110	25	118	189
0.0016975	0.00124017	0.000953473	0.00173162	206	81	103	109
0.00145984	0.00100153	0.00128087	0.00155269	205	48	144	334
0.00168537	0.00147398	0.000892629	0.00177414	114	85	69	200
0.00160728	0.00114213	0.00125753	0.00163453	238	67	53	238
0.00168052	0.00112909	0.001277	0.00188108	193	27	90	435
0.0017419	0.00147487	0.00128803	0.00180346	69	52	45	137
0.00137823	0.0012802	0.000551021	0.00161687	196	61	19	335
0.00179044	0.00166353	0.000598584	0.00188468	231	78	50	216
0.00140193	0.00131821	0.00121951	0.00168949	183	142	156	165
0.00141064	0.00144838	0.000796108	0.00156026	185	83	68	150
0.00119749	0.00143857	0.00167563	0.00188257	155	217	229	149
0.00166823	0.00137051	0.000878078	0.00183755	239	91	64	141
0.00138595	0.00136841	0.00125687	0.00157704	80	103	123	136
0.00174665	0.00168485	0.00141374	0.00196446	128	89	55	266
0.00146614	0.00123645	0.000592109	0.00167252	72	120	42	277
0.00151731	0.00145237	0.00107142	0.00166138	171	102	72	114
0.0016372	0.00161147	0.00101622	0.00191107	42	188	123	358
0.0015165	0.00155059	0.00114652	0.00171708	59	142	191	235
0.00152112	0.00047706	0.00123622	0.00176363	317	79	219	277
0.00154478	0.000710529	0.0011089	0.0015534	247	49	161	91
0.00158287	0.0009908	0.000910376	0.00173054	132	63	83	135
0.00173729	0.0014647	0.00116776	0.00189298	140	93	55	151
0.00182572	0.000875	0.000409665	0.00141907	258	187	76	102
0.00176563	0.00127231	0.000407483	0.00196978	154	74	92	241
0.00184848	0.00154598	0.00118704	0.00185973	238	164	47	122
0.00157391	0.0015083	0.00146816	0.00153008	83	251	144	164
0.0016937	0.00175364	0.00101949	0.00182915	153	127	76	223
0.00163959	0.0015166	0.000748242	0.00186409	196	123	59	250
0.0018775	0.0014157	0.00122288	0.00170485	231	136	86	160
0.00172136	0.00133701	0.00151628	0.0016666	297	49	127	199
0.00113059	0.00137004	0.000906769	0.00141149	172	53	53	204
0.00167273	0.00153958	0.000887389	0.00190697	134	156	125	172
0.00194595	0.00128386	0.00121489	0.00198379	168	83	100	211
0.00172895	0.00136082	0.00145625	0.00159313	124	137	71	161
0.00162645	0.00136947	0.00037492	0.00165687	57	170	33	251
0.00165749	0.00104861	0.00123593	0.00174654	139	69	80	322
0.00138166	0.0016505	0.00141554	0.00161709	165	109	95	96
0.00160956	0.00114242	0.00117756	0.00165078	256	75	91	204
0.00160688	0.00102055	0.000416147	0.00176095	51	109	57	321
0.00135796	0.00147823	0.000714625	0.00165058	144	120	51	125
0.00149247	0.00184422	0.00123062	0.00185566	181	68	88	126
0.00153024	0.00144275	0.00116433	0.00192427	51	28	75	450
0.00162303	0.00119731	0.00154292	0.00189254	189	58	38	176
0.000882015	0.00134252	0.00157297	0.00152251	63	115	186	238
0.0015617	0.00119694	0.00108401	0.00165354	148	71	72	147
0.00117857	0.000862757	0.000673996	0.00142167	117	36	161	185
0.00162917	0.00144632	0.000717092	0.00181903	352	78	56	212
0.00147801	0.00104247	0.000371484	0.00157252	163	57	45	223
0.00171623	0.00104944	0.00123688	0.00161332	187	56	87	327
0.00172569	0.00138902	0.00118712	0.0017163	142	47	108	83
0.000993591	0.000800327	0.000590122	0.00157729	79	76	51	265
0.00123306	0.00158928	0.000171539	0.0019161	99	106	22	101
0.00171658	0.00174835	0.00109841	0.00181084	58	130	93	234
0.00160143	0.00154592	0.00130224	0.00190621	179	66	98	230
0.00115866	0.00133509	0.000995551	0.0015303	145	98	59	204
0.00143708	0.0012129	0.00140359	0.00196701	192	30	174	345
0.00166563	0.0010378	0.000460193	0.00187288	240	84	40	294
0.00188181	0.000426314	0.000614992	0.00176496	186	41	172	264
0.00146781	0.00135658	0.000589426	0.00149535	126	73	57	250
0.000839046	0.000879364	0.000463964	0.00116428	157	76	23	178
0.00128296	0.00114454	0.000536874	0.00138384	267	150	40	298
0.00175817	0.001595	0.000934467	0.00196441	90	37	115	169
0.00150548	0.00169626	0.000809139	0.00169556	133	211	185	171
0.00150719	0.00177623	0.00115107	0.00192243	88	75	96	218
0.000853757	0.00110795	0.0010814	0.0013107	151	41	171	195
0.00178989	0.00169686	0.00124806	0.00159838	172	124	85	112
0.00149101	0.000849462	0.00106867	0.00181242	190	60	150	163
0.00157672	0.00131086	0.00066229	0.00162119	280	104	127	284
0.00167954	0.00134838	0.000409408	0.0018848	182	129	86	222
0.00143132	0.00132522	0.00103587	0.00145769	242	40	21	210
0.00118134	0.00141799	0.00102438	0.00160132	163	55	64	342
0.00177768	0.000996402	0.001211	0.00181463	115	58	74	187
0.00153184	0.00149504	0.000966117	0.00168594	145	42	91	291
0.0016433	0.0015378	0.000839837	0.00174238	164	149	123	86
0.000835497	0.00068361	0.000626967	0.000905616	131	70	104	127
0.00147321	0.000667358	0.00128472	0.00168784	175	135	71	266
0.00167929	0.00115032	0.000383092	0.00171458	209	52	50	208
0.00136876	0.00170306	0.00157765	0.00172655	153	55	89	196
0.00135148	0.00103965	0.000345819	0.00153632	125	72	42	202
0.00112898	0.0010496	0.000665732	0.00160873	146	74	100	232
0.00166781	0.00141103	0.00133149	0.00169619	230	83	129	150
0.00166175	0.00122612	0.00110704	0.00160194	177	54	124	196
0.00122958	0.00148065	0.00110801	0.00180705	131	124	218	174
0.00122837	0.0013973	0.00115784	0.00165281	81	54	150	317
0.00101491	0.00068802	0.000375042	0.00125564	136	66	80	129
0.0012056	0.00147221	0.00075529	0.00168604	116	85	20	210
0.001445	0.00155914	0.000659785	0.00146118	256	100	14	122
0.00186624	0.00146853	0.000586115	0.00176542	213	118	23	166
0.00137899	0.00107754	0.000961349	0.00163665	176	59	97	264
0.00159784	0.00179659	0.00144496	0.00186739	148	74	222	92
0.0013603	0.00143803	0.000842767	0.00185119	96	129	83	315
0.0012413	0.000991934	0.00125435	0.00182091	65	55	75	345
0.00150355	0.00147783	0.000843623	0.00161193	195	69	86	160
0.00185976	0.00145437	0.0010173	0.00198689	145	118	107	267
0.00192001	0.00169582	0.0011972	0.00202861	159	73	182	84
0.00168138	0.00141686	0.000749868	0.00184379	140	124	69	144
0.00172079	0.00113367	0.000523077	0.00176498	231	25	27	276
0.00138922	0.00140871	0.00123151	0.00166268	211	49	22	308
0.00151731	0.00146313	0.00147736	0.00151206	75	90	63	130
0.00158873	0.00169381	0.000944325	0.00169041	167	168	178	176
0.00115272	0.000875133	0.00154487	0.00184485	105	90	160	207
0.00119877	0.000888988	0.000566532	0.00119113	61	151	91	253
0.00160455	0.00167691	0.00142737	0.00182912	201	52	34	139
0.0018022	0.000988393	0.00100476	0.00180321	271	59	110	123
0.00153403	0.00161882	0.00138235	0.00194564	99	202	194	254
0.00158297	0.00118196	0.00126941	0.00154173	203	100	121	96
0.00176942	0.00123268	0.00106713	0.00178733	117	75	128	107
0.00159877	0.00144797	0.000866899	0.00183492	149	60	36	234
0.00106879	0.00108878	0.00116274	0.00125878	116	35	81	95
0.00167725	0.000994276	0.000164607	0.00165512	159	105	22	210
0.00147785	0.00141442	0.000736027	0.00149569	198	35	22	262
0.00181814	0.001402	0.000605132	0.0019517	327	135	69	220
0.00164833	0.00136547	0.00049852	0.00137462	167	141	143	191
0.00159754	0.00126274	0.00120222	0.00193215	253	16	188	230
0.00175577	0.00163095	0.00134575	0.00189111	199	61	166	161
0.00152997	0.00126741	0.000273612	0.00154889	78	25	35	198
0.00173531	0.00119126	0.00126948	0.00186619	175	42	79	203
0.00159841	0.00108662	0.00118395	0.00170467	59	94	108	218
0.00142888	0.00149027	0.00100029	0.0017322	220	61	80	136
0.00154415	0.00110052	0.00102621	0.00148023	173	80	24	72
0.000774038	0.00076748	0.00119508	0.00186169	125	144	166	478
0.00156575	0.00124924	0.000877211	0.00182592	223	72	42	221
0.00149991	0.00102682	0.00113732	0.00151774	146	134	65	213
0.0011429	0.00125603	0.000993144	0.00160841	120	101	134	197
0.00193935	0.00131051	0.00120428	0.00182869	329	63	63	234
0.00143073	0.00146811	0.00079737	0.00158369	169	67	155	157
0.00152382	0.00103978	0.000252088	0.00164206	122	54	22	152
0.00142561	0.00143464	0.00117895	0.0015641	298	120	63	116
0.0012184	0.00164032	0.0012203	0.00160489	106	187	171	140
0.00161863	0.00146388	0.00074566	0.00177969	197	143	75	213
0.00189395	0.00146577	0.00136497	0.00173961	53	16	139	80
0.00170851	0.00146413	0.0011463	0.0017378	258	52	132	196
0.00157772	0.000984865	0.000441606	0.00172205	198	133	139	428
0.00140688	0.00116857	0.000902916	0.00151325	117	124	55	162
0.00134985	0.0013965	0.00112067	0.00137429	27	149	49	134
0.00172725	0.00154595	0.000871623	0.00195698	286	45	46	282
0.00130805	0.00146312	0.00136801	0.00191463	123	152	86	178
0.00181015	0.00153647	0.000431826	0.00193706	267	72	73	214
0.0017171	0.00143977	0.00114859	0.00200455	92	158	76	204
0.00154149	0.00128489	0.00100526	0.00167799	153	60	55	317
0.0017083	0.00132275	0.000859675	0.00164959	151	82	92	225
0.00155911	0.00153488	0.00132203	0.00173482	190	74	101	160
0.00156779	0.000995983	0.000594627	0.00165067	328	121	50	220
0.00114651	0.0010948	0.00130071	0.0016419	84	91	139	196
0.0015515	0.00161973	0.00145531	0.00164979	110	186	123	139
0.00126228	0.00119417	0.00156735	0.00136079	157	117	183	73
0.00112293	0.00121309	0.000935583	0.00157284	51	52	62	111
0.00124103	0.0012566	0.000819311	0.00179322	314	129	45	269
0.00129171	0.00138723	0.00081399	0.00169185	48	153	122	174
0.00171935	0.00148197	0.000391943	0.00183833	277	69	91	147
0.00111957	0.00140969	0.00129243	0.00135716	184	61	86	170
0.00170044	0.00110443	0.000205532	0.00160623	135	65	35	307
0.00183476	0.00149992	0.000951398	0.00187415	271	154	40	229
0.00171366	0.00140803	0.000993045	0.00173093	221	97	83	107
0.00182439	0.00150092	0.000810079	0.00192434	80	137	104	97
0.00117216	0.000652473	0.00122845	0.00149136	149	78	94	190
0.00149754	0.000757181	0.0010136	0.00172681	189	63	32	199
0.00135444	0.00125775	0.00115859	0.00168499	72	103	68	213
0.00171824	0.00104073	0.000964633	0.00166611	211	85	99	206
0.00153291	0.00153411	0.00171813	0.00191304	141	201	192	353
0.00198441	0.0013524	0.00103328	0.00190586	171	66	70	240
0.00165093	0.00156132	0.0012397	0.00177934	276	143	96	188
0.0015628	0.00120691	0.00124548	0.00173275	217	72	59	269
0.00116599	0.00110421	0.000817625	0.0011133	115	81	106	63
0.00166144	0.00120811	0.00134101	0.00162757	66	60	51	102
0.00184438	0.00151065	0.000921469	0.00182575	226	48	56	131
0.00158175	0.00161082	0.0010017	0.00198343	61	75	51	416
0.00202205	0.00135102	0.00125113	0.00184944	141	58	29	89
0.00138601	0.0011404	0.000980667	0.00176567	128	89	24	88
0.00151549	0.00153246	0.000490637	0.00187226	163	226	40	296
0.00168417	0.00117166	0.000526987	0.00158311	171	68	43	296
0.00179729	0.00140288	0.000810072	0.00161769	453	92	68	135
0.00166312	0.000943864	0.0010505	0.00172169	189	131	84	117
0.00178996	0.00185325	0.00149411	0.00196725	158	84	89	307
0.00165718	0.00177285	0.00048952	0.00174123	150	266	21	214
0.00172612	0.00170782	0.00174914	0.00190924	130	73	194	150
0.00116614	0.000950846	0.000883831	0.00130741	197	180	57	139
0.00134415	0.000578764	0.00120839	0.00133625	94	45	147	120
0.00108677	0.00111205	0.00132896	0.0016319	147	93	179	104
0.00170534	0.000737226	0.000810566	0.00199853	176	91	126	208
0.00172417	0.00133952	0.00158806	0.001982	102	51	77	258
0.00163616	0.00151946	0.00135749	0.0018186	203	99	68	197
0.00194744	0.00156915	0.00136833	0.00195064	222	177	102	277
0.00133139	0.00132696	0.000737622	0.00176625	252	160	25	236
0.00156288	0.0013272	0.00133252	0.00139095	158	61	47	136
0.00117757	0.00138552	0.00149738	0.00170231	91	86	54	193
0.00162174	0.00164858	0.00154722	0.00164732	187	47	79	76
0.00152771	0.00125943	0.00138529	0.00160797	68	42	104	147
0.00158727	0.000807899	0.000942208	0.00182274	152	116	44	169
0.00149604	0.00171916	0.00117233	0.00168571	124	22	59	251
0.00174527	0.00174501	0.000947388	0.00174838	217	123	65	122
0.00179614	0.00168917	0.00152023	0.00178733	205	42	118	137
0.00102398	0.00159356	0.00134864	0.00120692	132	56	96	217
0.00165194	0.00123943	0.00105738	0.00172519	64	118	38	126
0.00158348	0.00141486	0.00132084	0.00189056	202	47	64	103
0.00182405	0.00137449	0.0012396	0.00193476	103	52	179	385
0.00173316	0.00110861	0.000978809	0.00177335	233	54	46	224
0.00127441	0.00147806	0.000892413	0.0015066	93	147	117	122
0.00183851	0.0011662	0.000993559	0.00163569	413	70	30	181
0.00157704	0.0015941	0.000663138	0.0016762	99	96	115	95
0.00155248	0.000677366	0.000692811	0.00161296	86	23	71	141
0.00158477	0.00129217	0.00120192	0.00167879	156	161	19	230
0.00175398	0.00169773	0.00113688	0.00186349	109	182	33	254
0.00137601	0.00140672	0.00126878	0.00182312	194	74	75	258
0.00179214	0.000883814	0.00156845	0.00187599	175	26	200	163
0.00161571	0.00079939	0.00150207	0.0014835	171	152	153	74
0.00156374	0.00140253	0.000645299	0.00160701	220	122	61	161
0.00137417	0.00131725	0.000710013	0.00187782	166	115	40	297
0.00188659	0.00139782	0.0010218	0.00193749	320	29	57	113
0.00166812	0.000977878	0.00102017	0.00178741	120	73	85	242
0.00143894	0.00119919	0.0006708	0.00151319	234	49	51	114
0.00176015	0.00154908	0.00122118	0.00188627	150	73	103	191
0.00110719	0.0013671	0.000521122	0.00173803	103	82	87	90
0.00118184	0.000918925	0.000634246	0.00151366	96	43	84	195
0.00170273	0.00113117	0.00136053	0.00184803	192	100	164	270
0.00111775	0.00132364	0.00142341	0.0015705	216	23	98	193
0.0016638	0.000983	0.00141739	0.00178829	115	66	102	262
0.00098864	0.000977593	0.000613751	0.0013316	48	51	60	152
0.00165042	0.00125864	0.000192818	0.00177408	245	123	55	215
0.00184995	0.00127534	0.000958558	0.00177105	151	35	45	246
0.00178818	0.0010425	0.000932	0.00130811	369	78	65	74
0.00146002	0.00154023	0.00130145	0.00188721	109	179	96	213
0.00087422	0.00111086	0.000136097	0.00109958	86	110	25	168
0.00170012	0.0011985	0.000838741	0.00185222	238	90	41	133
0.0013425	0.00109594	0.00127893	0.00155612	153	74	98	253
0.0019141	0.00157289	0.000874441	0.00174826	272	58	62	253
0.00157056	0.00136522	0.000344344	0.00159068	273	134	52	140
0.001438	0.000867154	0.00128966	0.00181576	191	41	142	395
0.00135609	0.00143932	0.00108664	0.00166214	85	63	46	198
0.00137733	0.00148165	0.000498106	0.00172356	290	117	38	159
0.0015598	0.00155384	0.000632326	0.00175279	121	240	92	177
0.00169435	0.00157768	0.000500897	0.00196742	240	135	187	125
0.00202543	0.00110033	0.000342652	0.00188927	199	71	55	249
0.0016435	0.0014125	0.000843879	0.00178063	173	77	80	145
0.00144425	0.00120464	0.00123721	0.00193711	118	82	18	206
0.00181138	0.0013097	0.00128806	0.00186892	176	58	195	298
0.00155422	0.000674642	0.0013783	0.00174374	179	71	164	282
0.0016192	0.00167404	0.00115699	0.00170348	174	32	61	136
0.00195159	0.00153129	0.00148203	0.00189988	184	81	160	255
0.00139392	0.00117328	0.000737179	0.00158137	142	164	71	159
0.00186907	0.00175031	0.00127918	0.00197162	282	166	59	263
0.00136208	0.00116059	0.00104922	0.00189239	130	52	118	337
0.00142827	0.00132232	0.00130043	0.00181959	220	155	147	93
0.00150973	0.00106485	0.00140331	0.00177236	276	51	68	378
0.00152832	0.000899305	0.000692668	0.00163865	104	66	79	138
0.00161603	0.00136213	0.000354074	0.00156913	169	54	30	85
0.00153888	0.00126792	0.000678572	0.001851	181	15	41	174
0.00131002	0.000566387	0.000315521	0.00140671	242	56	47	157
0.00173019	0.00144905	0.00137211	0.00176348	234	124	85	271
0.000765264	0.000617005	0.00100211	0.00129111	194	54	148	388
0.00172809	0.00159773	0.00131571	0.00169479	70	135	125	180
0.00159462	0.00116525	0.0013881	0.00163712	263	101	116	230
0.00153005	0.00126352	0.000130166	0.00180317	146	59	65	338
0.00163536	0.00143963	0.0013357	0.00186667	182	58	57	219
0.00164988	0.00157392	0.0014666	0.00171654	184	56	74	45
0.00155507	0.000643911	0.00114782	0.00169858	226	70	164	182
0.00148389	0.00137841	0.0010028	0.00174802	279	109	52	108
0.00183455	0.00099228	0.00106967	0.00194758	172	87	50	124
0.00142807	0.00146565	0.00156269	0.00178457	105	92	28	220
0.00149893	0.00156362	0.000505265	0.00172003	203	172	31	352
0.00179408	0.00141765	0.00144038	0.00183674	106	136	90	202
0.00184867	0.00115602	0.000573097	0.00195767	196	42	72	264
0.00112625	0.00161797	0.00130967	0.0015967	67	61	104	156
0.00186094	0.00158535	0.000484434	0.00166269	108	27	55	181
0.00115995	0.00117001	0.00110703	0.00151854	99	112	97	135
0.00177341	0.00124007	0.000656697	0.00179231	179	159	112	104
0.00136229	0.00144764	0.00149917	0.00180296	152	67	193	234
0.00159308	0.00120121	0.00101459	0.00172328	87	69	54	62
0.00143835	0.00139996	0.000250813	0.00174353	158	97	56	270
0.00152772	0.00164709	0.00144463	0.00176605	93	82	33	39
0.0015503	0.0011202	0.00101534	0.00157578	100	163	104	90
0.00166016	0.00113982	0.000747926	0.00171894	124	34	37	271
0.00158949	0.00157419	0.00163267	0.00164518	139	51	51	213
0.00146852	0.000927886	0.00162659	0.00176585	95	32	146	200
0.00169846	0.00176022	0.000879041	0.00181546	222	133	44	209
0.00143041	0.000958103	0.00107413	0.00161385	185	64	72	117
0.00173433	0.00165447	0.00136316	0.00181367	142	96	77	229
0.00168583	0.000934141	0.000976557	0.00145132	256	53	56	210
0.00130942	0.00111962	0.000638149	0.00154965	149	22	82	153
0.00180268	0.000787148	0.000958371	0.00163016	124	56	83	131
0.00163117	0.00154941	0.00145646	0.00180709	92	92	101	253
0.00185714	0.00100073	0.00127754	0.00156655	297	133	197	89
0.00121452	0.000951967	0.000657874	0.00126391	288	111	103	236
0.0016425	0.00150393	0.00115626	0.00160912	179	67	123	123
0.00133872	0.00172264	0.0012877	0.00178746	191	175	48	141
0.00160034	0.000898765	0.000543984	0.00151792	344	73	66	154
0.00138652	0.00148747	0.00075119	0.00179204	155	103	128	241
0.00167537	0.00158621	0.000512703	0.00193384	121	41	40	138
0.00162654	0.0016764	0.0013816	0.00177433	105	195	86	140
0.00155281	0.00103309	0.00104798	0.00176677	97	60	71	293
0.00154788	0.00142094	0.00134128	0.00197311	297	88	125	234
0.00136731	0.000986968	0.0013085	0.00155574	139	59	197	159
0.0013413	0.00106245	0.000853163	0.001634	256	55	66	113
0.00179017	0.0013974	0.00140137	0.00176898	92	59	149	173
0.00137098	0.00141476	0.00159528	0.00158372	73	62	62	73
0.00132191	0.00144602	0.00149561	0.00175766	104	48	57	265
0.00165001	0.00124749	0.000772784	0.00154811	106	118	108	181
0.00112551	0.000851443	0.000744879	0.00128479	58	104	42	144
0.00156251	0.00131309	0.000738917	0.00176094	229	74	48	210
0.00181103	0.00132926	0.000889177	0.00186343	296	104	28	205
0.00127175	0.00171389	0.00148387	0.00185745	118	153	118	203
0.0019391	0.00156447	0.000385697	0.0019847	238	128	60	148
0.00115985	0.000988584	0.000703737	0.00158644	150	153	96	131
0.00146347	0.00165141	0.00128021	0.00173334	123	72	177	98
0.00165214	0.00150361	0.000643516	0.00172515	107	74	101	131
0.00119157	0.00149733	0.00120501	0.00166961	91	166	84	172
0.00167834	0.00145155	0.000910021	0.00172193	233	115	43	190
0.00116013	0.00156676	0.000165754	0.00137411	77	175	34	305
0.00165105	0.00121161	0.000441069	0.00182795	168	70	70	135
0.00164771	0.00144041	0.00159079	0.00195616	167	127	92	229
0.00156286	0.00180421	0.00115244	0.00171915	80	245	56	179
0.00167737	0.00159357	0.000951762	0.00204142	136	74	107	133
0.0018254	0.0011734	0.00108869	0.00191103	265	105	101	103
0.00184751	0.00149869	0.00117913	0.00187761	397	137	106	163
0.00152698	0.00149196	0.00144041	0.00162919	240	51	39	154
0.0019416	0.00164751	0.000415646	0.00183955	289	107	77	179
0.0015643	0.00160086	0.00128101	0.00171331	83	56	64	148
0.00127748	0.00158571	0.000895012	0.00165027	105	93	85	120
0.00192832	0.0017201	0.00138882	0.00184946	93	29	47	227
0.000998731	0.00178536	0.00116688	0.00184258	94	160	132	63
0.00169604	0.00118902	0.000838139	0.00189176	185	122	36	154
0.00168699	0.00160182	0.00138846	0.00157976	201	218	37	104
0.00156568	0.00113749	0.000736914	0.00148074	276	21	147	144
0.00183172	0.0017077	0.00110535	0.00184443	182	139	45	152
0.00158507	0.00114638	0.00144112	0.00188265	120	19	111	130
0.00178345	0.00131619	0.00101311	0.00174139	123	99	118	200
0.00120427	0.00153144	0.00119243	0.00180092	140	88	42	351
0.0016493	0.00133102	0.00141846	0.00135566	271	45	138	181
0.0015587	0.00118134	0.00106769	0.00164358	156	65	75	213
0.00127363	0.00150303	0.000872242	0.00178521	85	118	66	267
0.00173813	0.00180408	0.000954814	0.00180113	229	62	41	276
0.00143173	0.00133368	0.000833212	0.00139651	265	136	84	202
0.00167981	0.00177844	0.00126919	0.00195615	229	95	39	130
0.0016556	0.00113717	0.00154061	0.00157084	230	83	122	252
0.00156509	0.00163775	0.00142815	0.00184667	159	74	57	220
0.00148847	0.00110183	0.000914988	0.00172972	312	64	96	228
0.0014313	0.00121998	0.000599821	0.0017674	146	62	87	202
0.00175721	0.00145509	0.000673457	0.00138291	158	118	84	159
0.00117107	0.00149398	0.00121776	0.00159595	158	104	74	326
0.00176322	0.00161559	0.000946264	0.00194639	118	150	95	170
0.00179244	0.00107439	0.0012532	0.00188594	283	40	18	268
0.00149589	0.00142264	0.000187926	0.00149271	95	78	107	171
0.00135247	0.00123712	0.000760997	0.00167841	121	73	112	215
0.00190867	0.00154109	0.00014942	0.00191038	211	173	27	201
0.00163104	0.00150407	0.0014329	0.00143619	194	86	160	98
0.00116663	0.00132332	0.000312533	0.00136677	253	151	26	80
0.00165418	0.000580723	0.000834037	0.00176397	112	73	92	89
0.00126883	0.00105335	0.00102046	0.0015154	206	107	49	71
0.00165839	0.000612921	0.000619227	0.00160216	136	77	125	51
0.00141297	0.00132134	0.00113691	0.00168791	146	123	69	118
0.00169224	0.00125315	0.00159231	0.0017848	171	107	40	72
0.00159071	0.00126148	0.00103521	0.00158136	258	95	107	181
0.001634	0.00153107	0.00128454	0.00179285	90	86	98	258
0.00153969	0.00135196	0.000493952	0.00153575	143	135	81	91
0.00183246	0.00144573	0.000791724	0.00189133	85	84	77	170
0.00149497	0.0011515	0.00163755	0.0018912	192	51	89	356
0.00168894	0.00130662	0.00100818	0.00177754	169	122	107	245
0.00180061	0.00163332	0.00130357	0.00188729	215	86	43	126
0.00147189	0.00110753	0.000536979	0.00149235	209	41	15	335
0.00181378	0.000873807	0.000372119	0.00182126	306	60	61	174
0.00135719	0.00173786	0.000892613	0.00174881	166	261	189	113
0.00185745	0.0016221	0.00133493	0.00198251	217	93	59	168
0.000955753	0.000939073	0.000672323	0.00131718	111	57	35	453
0.00150275	0.00135883	0.000596259	0.00150891	252	83	54	135
0.00143666	0.00136889	0.00077971	0.00165927	75	69	28	168
0.00165317	0.000783048	0.00110934	0.00147182	59	93	77	119
0.00168275	0.00177735	0.00103066	0.00193035	197	87	84	55
0.0019356	0.00143996	0.00172936	0.00192786	222	38	96	387
0.00154512	0.00150756	0.00129829	0.00195444	169	75	80	276
0.00165921	0.00141447	0.00141154	0.0018024	258	99	97	130
0.00179452	0.00153248	0.000524251	0.00192877	160	141	45	202
0.00112959	0.00135444	0.00166833	0.00131943	143	38	238	62
0.00146113	0.00158543	0.00147404	0.0016664	235	125	91	133
0.00166119	0.00116411	0.00120722	0.00175148	158	65	77	194
0.00191881	0.00120706	0.00142275	0.00193515	313	27	109	178
0.00142489	0.00104073	0.00149994	0.00122235	219	79	102	105
0.00181102	0.0015738	0.000904254	0.00190503	198	42	33	295
0.00160096	0.000510309	0.00149831	0.00156793	84	32	163	106
0.0014474	0.000779454	0.000974434	0.0016498	266	33	43	249
0.00184143	0.00113667	0.00113528	0.00186536	187	59	65	227
0.0014569	0.00078354	0.000938328	0.00151898	213	65	102	219
0.00160164	0.00112248	0.000673478	0.00175995	345	48	54	275
0.00157341	0.00175368	0.00113124	0.00188644	131	37	33	183
0.00160583	0.0015825	0.000272457	0.00173711	175	154	50	146
0.00121863	0.00120055	0.000774602	0.00166121	108	93	21	216
0.00165083	0.00113858	0.000378061	0.00175555	531	47	27	221
0.00143724	0.00159476	0.00114931	0.00180382	109	182	36	106
0.00174668	0.000921293	0.00175022	0.00185046	89	46	126	143
0.00171812	0.000515122	0.000992216	0.00178799	185	70	120	120
0.00180017	0.00164636	0.00163285	0.00152598	184	32	135	241
0.00183366	0.00161446	0.00147136	0.00188686	156	76	86	141
0.00176038	0.00172461	0.00112828	0.0019106	102	56	63	234
0.00171119	0.00149281	0.000979311	0.00193377	166	78	150	196
0.00181786	0.00174196	0.0011571	0.00197103	160	61	37	56
0.0015477	0.00121187	0.000897104	0.00156893	114	53	28	249
0.00139205	0.00100838	0.00076381	0.00136869	382	91	75	174
0.00161096	0.00142519	0.00164999	0.00168315	200	128	165	104
0.00118344	0.00124219	0.000849341	0.00157826	187	26	111	52
0.00167738	0.00151419	0.000602583	0.00165437	334	131	29	77
0.00180746	0.00121965	0.00134509	0.0018362	276	43	65	237
0.00165723	0.00125709	0.0016858	0.00175207	130	52	249	265
0.00147719	0.00159731	0.00098263	0.00161087	238	54	70	179
0.00160853	0.00165742	0.00125759	0.00191426	214	71	70	135
0.00173592	0.00155422	0.00114681	0.00167747	293	117	106	223
0.0017279	0.00157241	0.00100788	0.00174673	160	88	73	88
0.00140067	0.00140511	0.00125616	0.00171201	110	61	143	251
0.00118597	0.00138239	0.00129848	0.0017247	121	92	166	251
0.0013045	0.000726296	0.000632398	0.00180042	139	94	117	307
0.00144155	0.000678058	0.00133555	0.0017061	78	50	160	270
0.00168145	0.00151979	0.00105601	0.00184706	114	85	86	191
0.00159705	0.00142863	0.000731029	0.0018621	158	63	22	262
0.00153872	0.000834668	0.000916874	0.00164259	155	92	77	107
0.00177645	0.0010718	0.000716621	0.00191619	105	44	43	253
0.000834069	0.00111333	0.00116007	0.00171188	211	76	49	117
0.00158647	0.00104396	0.000892457	0.00172686	184	76	118	255
0.00172035	0.00150525	0.00147595	0.00191815	137	149	137	300
0.00167001	0.000990901	0.00100578	0.00168948	207	26	44	236
0.00156463	0.00137393	0.00101952	0.00175181	212	152	102	153
0.00152757	0.00135221	0.00107979	0.00156196	210	89	54	105
0.00121851	0.00138803	0.000679317	0.00176971	138	180	50	295
0.00168324	0.00152231	0.00071405	0.00181108	151	92	79	276
0.00167609	0.00156577	0.000335438	0.00178944	275	35	40	251
0.0016413	0.00124193	0.000920969	0.00183469	259	91	74	168
0.00162733	0.00131522	0.00103922	0.00174498	151	49	38	232
0.00170027	0.00116217	0.00161141	0.00146181	102	19	291	100
0.001603	0.000867954	0.00140323	0.00191987	155	34	54	228
