newgeorgia	malaita	makira	bukida	newgeorgia	malaita	makira	bukida
-1.0	-1.0	-1.0	-1.0	-1	-1	-1	-1
-1.0	-1.0	-1.0	-1.0	-1	-1	-1	-1
-1.0	-1.0	-1.0	-1.0	-1	-1	-1	-1
-1.0	-1.0	-1.0	-1.0	-1	-1	-1	-1
-1.0	-1.0	-1.0	-1.0	-1	-1	-1	-1
-1.0	-1.0	-1.0	0.00108105	-1	-1	-1	-1
-1.0	-1.0	-1.0	-1.0	-1	-1	-1	-1
-1.0	-1.0	-1.0	-1.0	-1	-1	-1	-1
-1.0	-1.0	-1.0	-1.0	-1	-1	-1	-1
-1.0	-1.0	-1.0	-1.0	-1	-1	-1	-1
-1.0	-1.0	-1.0	-1.0	-1	-1	-1	-1
-1.0	-1.0	-1.0	-1.0	-1	-1	-1	-1
-1.0	-1.0	-1.0	-1.0	-1	-1	-1	-1
-1.0	-1.0	2.0e-05	-1.0	-1	-1	-1	-1
-1.0	-1.0	-1.0	-1.0	-1	-1	-1	-1
-1.0	-1.0	-1.0	-1.0	-1	-1	-1	-1
-1.0	-1.0	-1.0	-1.0	-1	-1	-1	-1
-1.0	-1.0	-1.0	-1.0	-1	-1	-1	-1
-1.0	-1.0	-1.0	-1.0	-1	-1	-1	-1
-1.0	-1.0	-1.0	-1.0	-1	-1	-1	-1
-1.0	-1.0	-1.0	-1.0	-1	-1	-1	-1
-1.0	-1.0	-1.0	-1.0	-1	-1	-1	-1
-1.0	-1.0	-1.0	-1.0	-1	-1	-1	-1
-1.0	-1.0	-1.0	-1.0	-1	-1	-1	-1
-1.0	-1.0	-1.0	-1.0	-1	-1	-1	-1
-1.0	-1.0	-1.0	-1.0	-1	-1	-1	-1
-1.0	-1.0	-1.0	-1.0	-1	-1	-1	-1
-1.0	-1.0	-1.0	-1.0	-1	-1	-1	-1
-1.0	-1.0	-1.0	0.0	-1	-1	-1	-1
-1.0	-1.0	-1.0	-1.0	-1	-1	-1	-1
-1.0	-1.0	-1.0	-1.0	-1	-1	-1	-1
0.0	-1.0	-1.0	0.0	-1	-1	-1	-1
-1.0	-1.0	-1.0	0.0	-1	-1	-1	-1
-1.0	-1.0	-1.0	-1.0	-1	-1	-1	-1
-1.0	-1.0	-1.0	-1.0	-1	-1	-1	-1
-1.0	-1.0	-1.0	-1.0	-1	-1	-1	-1
-1.0	-1.0	-1.0	-1.0	-1	-1	-1	-1
-1.0	-1.0	-1.0	-1.0	-1	-1	-1	-1
-1.0	-1.0	-1.0	-1.0	-1	-1	-1	-1
-1.0	-1.0	-1.0	-1.0	-1	-1	-1	-1
-1.0	-1.0	-1.0	-1.0	-1	-1	-1	-1
-1.0	-1.0	-1.0	-1.0	-1	-1	-1	-1
-1.0	-1.0	-1.0	-1.0	-1	-1	-1	-1
-1.0	-1.0	-1.0	-1.0	-1	-1	-1	-1
-1.0	-1.0	-1.0	-1.0	-1	-1	-1	-1
-1.0	-1.0	-1.0	-1.0	-1	-1	-1	-1
-1.0	-1.0	-1.0	-1.0	-1	-1	-1	-1
-1.0	-1.0	-1.0	-1.0	-1	-1	-1	-1
-1.0	-1.0	-1.0	-1.0	-1	-1	-1	-1
-1.0	-1.0	-1.0	-1.0	-1	-1	-1	-1
-1.0	-1.0	-1.0	-1.0	-1	-1	-1	-1
-1.0	-1.0	-1.0	-1.0	-1	-1	-1	-1
-1.0	-1.0	-1.0	-1.0	-1	-1	-1	-1
-1.0	-1.0	-1.0	-1.0	-1	-1	-1	-1
-1.0	-1.0	-1.0	-1.0	-1	-1	-1	-1
-1.0	-1.0	-1.0	0.0	-1	-1	-1	-1
-1.0	-1.0	-1.0	-1.0	-1	-1	-1	-1
0.0	-1.0	-1.0	-1.0	-1	-1	-1	-1
-1.0	-1.0	-1.0	-1.0	-1	-1	-1	-1
-1.0	-1.0	-1.0	-1.0	-1	-1	-1	-1
0.0010958	0.00117713	0.000768216	0.00114607	238	189	33	260
-1.0	-1.0	-1.0	-1.0	-1	-1	-1	-1
-1.0	-1.0	-1.0	-1.0	-1	-1	-1	-1
-1.0	-1.0	-1.0	-1.0	-1	-1	-1	-1
-1.0	-1.0	-1.0	-1.0	-1	-1	-1	-1
-1.0	-1.0	-1.0	-1.0	-1	-1	-1	-1
-1.0	-1.0	-1.0	-1.0	-1	-1	-1	-1
-1.0	-1.0	-1.0	-1.0	-1	-1	-1	-1
-1.0	-1.0	-1.0	-1.0	-1	-1	-1	-1
-1.0	-1.0	-1.0	-1.0	-1	-1	-1	-1
-1.0	-1.0	-1.0	-1.0	-1	-1	-1	-1
-1.0	-1.0	-1.0	-1.0	-1	-1	-1	-1
-1.0	-1.0	-1.0	-1.0	-1	-1	-1	-1
0.000459833	0.000214912	0.00019663	0.00111682	87	74	28	194
-1.0	-1.0	-1.0	-1.0	-1	-1	-1	-1
-1.0	-1.0	-1.0	-1.0	-1	-1	-1	-1
-1.0	-1.0	-1.0	-1.0	-1	-1	-1	-1
-1.0	-1.0	-1.0	-1.0	-1	-1	-1	-1
0.00137845	0.000420119	0.000934869	0.00132381	260	58	127	201
-1.0	-1.0	-1.0	-1.0	-1	-1	-1	-1
-1.0	-1.0	-1.0	-1.0	-1	-1	-1	-1
-1.0	-1.0	-1.0	-1.0	-1	-1	-1	-1
-1.0	-1.0	-1.0	-1.0	-1	-1	-1	-1
-1.0	-1.0	-1.0	-1.0	-1	-1	-1	-1
-1.0	-1.0	-1.0	-1.0	-1	-1	-1	-1
-1.0	-1.0	-1.0	-1.0	-1	-1	-1	-1
-1.0	-1.0	-1.0	-1.0	-1	-1	-1	-1
-1.0	-1.0	-1.0	-1.0	-1	-1	-1	-1
-1.0	-1.0	-1.0	-1.0	-1	-1	-1	-1
0.000273245	0.000179587	4.39199e-05	0.00027963	66	48	11	102
0.00115247	0.000937475	0.000677947	0.00123535	236	62	39	198
-1.0	-1.0	-1.0	-1.0	-1	-1	-1	-1
-1.0	-1.0	-1.0	-1.0	-1	-1	-1	-1
-1.0	-1.0	-1.0	-1.0	-1	-1	-1	-1
0.000773177	0.00038008	0.000249555	0.000781084	168	56	65	170
-1.0	-1.0	-1.0	-1.0	-1	-1	-1	-1
-1.0	-1.0	-1.0	-1.0	-1	-1	-1	-1
-1.0	-1.0	-1.0	-1.0	-1	-1	-1	-1
-1.0	-1.0	-1.0	-1.0	-1	-1	-1	-1
-1.0	-1.0	-1.0	-1.0	-1	-1	-1	-1
-1.0	-1.0	-1.0	-1.0	-1	-1	-1	-1
0.00111132	0.00126669	0.000543055	0.0018045	130	91	64	230
-1.0	-1.0	-1.0	-1.0	-1	-1	-1	-1
-1.0	-1.0	-1.0	-1.0	-1	-1	-1	-1
-1.0	-1.0	-1.0	-1.0	-1	-1	-1	-1
-1.0	-1.0	-1.0	-1.0	-1	-1	-1	-1
-1.0	-1.0	-1.0	-1.0	-1	-1	-1	-1
-1.0	-1.0	-1.0	-1.0	-1	-1	-1	-1
-1.0	-1.0	-1.0	-1.0	-1	-1	-1	-1
-1.0	-1.0	-1.0	-1.0	-1	-1	-1	-1
-1.0	-1.0	-1.0	-1.0	-1	-1	-1	-1
-1.0	-1.0	-1.0	0.00067	-1	-1	-1	-1
-1.0	-1.0	-1.0	-1.0	-1	-1	-1	-1
-1.0	-1.0	-1.0	-1.0	-1	-1	-1	-1
-1.0	-1.0	-1.0	-1.0	-1	-1	-1	-1
-1.0	-1.0	-1.0	-1.0	-1	-1	-1	-1
-1.0	-1.0	-1.0	-1.0	-1	-1	-1	-1
-1.0	-1.0	-1.0	-1.0	-1	-1	-1	-1
-1.0	-1.0	-1.0	-1.0	-1	-1	-1	-1
-1.0	-1.0	-1.0	-1.0	-1	-1	-1	-1
-1.0	-1.0	-1.0	-1.0	-1	-1	-1	-1
-1.0	-1.0	-1.0	-1.0	-1	-1	-1	-1
-1.0	-1.0	-1.0	-1.0	-1	-1	-1	-1
-1.0	-1.0	-1.0	-1.0	-1	-1	-1	-1
-1.0	-1.0	-1.0	-1.0	-1	-1	-1	-1
-1.0	-1.0	-1.0	-1.0	-1	-1	-1	-1
0.00129	0.000297059	0.000256279	0.000829484	103	43	41	89
0.000554786	0.000621177	0.000406363	0.00086733	124	85	69	211
0.00112713	0.000761189	0.00121389	0.00147934	137	82	155	235
-1.0	-1.0	-1.0	-1.0	-1	-1	-1	-1
-1.0	-1.0	-1.0	-1.0	-1	-1	-1	-1
-1.0	-1.0	-1.0	0.0	-1	-1	-1	-1
-1.0	-1.0	-1.0	-1.0	-1	-1	-1	-1
-1.0	-1.0	-1.0	-1.0	-1	-1	-1	-1
-1.0	-1.0	-1.0	-1.0	-1	-1	-1	-1
-1.0	-1.0	-1.0	-1.0	-1	-1	-1	-1
-1.0	-1.0	-1.0	-1.0	-1	-1	-1	-1
-1.0	-1.0	-1.0	-1.0	-1	-1	-1	-1
-1.0	-1.0	-1.0	-1.0	-1	-1	-1	-1
-1.0	-1.0	-1.0	-1.0	-1	-1	-1	-1
0.000427487	0.000237893	0.000205832	0.000449011	59	48	52	148
-1.0	-1.0	-1.0	-1.0	-1	-1	-1	-1
0.00179601	0.000828534	0.00088622	0.00172499	116	72	31	96
0.000246643	-1.0	-1.0	0.000252372	59	-1	-1	87
-1.0	-1.0	-1.0	8.8255e-05	-1	-1	-1	-1
0.000646676	0.000610262	0.000393859	0.000774597	217	105	44	163
-1.0	-1.0	-1.0	-1.0	-1	-1	-1	-1
-1.0	-1.0	-1.0	-1.0	-1	-1	-1	-1
-1.0	-1.0	-1.0	-1.0	-1	-1	-1	-1
-1.0	-1.0	-1.0	-1.0	-1	-1	-1	-1
-1.0	-1.0	-1.0	-1.0	-1	-1	-1	-1
-1.0	-1.0	-1.0	-1.0	-1	-1	-1	-1
-1.0	-1.0	-1.0	-1.0	-1	-1	-1	-1
-1.0	-1.0	-1.0	-1.0	-1	-1	-1	-1
-1.0	-1.0	-1.0	-1.0	-1	-1	-1	-1
-1.0	-1.0	-1.0	-1.0	-1	-1	-1	-1
-1.0	-1.0	-1.0	-1.0	-1	-1	-1	-1
-1.0	-1.0	-1.0	-1.0	-1	-1	-1	-1
-1.0	-1.0	-1.0	-1.0	-1	-1	-1	-1
-1.0	-1.0	-1.0	-1.0	-1	-1	-1	-1
0.00132826	0.00100802	0.00083455	0.00150222	222	44	78	267
-1.0	-1.0	-1.0	-1.0	-1	-1	-1	-1
-1.0	-1.0	-1.0	-1.0	-1	-1	-1	-1
0.000572615	0.000781338	0.000717486	0.00158872	122	112	116	186
-1.0	-1.0	-1.0	-1.0	-1	-1	-1	-1
-1.0	-1.0	-1.0	-1.0	-1	-1	-1	-1
0.000582584	0.000249346	0.000179675	0.000509704	97	69	24	70
-1.0	-1.0	-1.0	-1.0	-1	-1	-1	-1
-1.0	-1.0	-1.0	-1.0	-1	-1	-1	-1
-1.0	-1.0	-1.0	-1.0	-1	-1	-1	-1
-1.0	-1.0	-1.0	-1.0	-1	-1	-1	-1
-1.0	-1.0	-1.0	-1.0	-1	-1	-1	-1
-1.0	-1.0	-1.0	-1.0	-1	-1	-1	-1
-1.0	-1.0	-1.0	-1.0	-1	-1	-1	-1
-1.0	-1.0	-1.0	-1.0	-1	-1	-1	-1
-1.0	-1.0	-1.0	-1.0	-1	-1	-1	-1
-1.0	-1.0	-1.0	-1.0	-1	-1	-1	-1
-1.0	-1.0	-1.0	-1.0	-1	-1	-1	-1
0.00124155	0.000812388	0.000542181	0.00147774	139	65	85	211
-1.0	-1.0	-1.0	-1.0	-1	-1	-1	-1
-1.0	-1.0	-1.0	-1.0	-1	-1	-1	-1
0.000478782	0.000476828	0.000274832	0.000645323	78	87	58	117
0.000594404	0.000598088	0.000386143	0.000791601	135	68	77	104
-1.0	-1.0	-1.0	-1.0	-1	-1	-1	-1
-1.0	-1.0	-1.0	-1.0	-1	-1	-1	-1
-1.0	-1.0	-1.0	-1.0	-1	-1	-1	-1
9.91895e-05	-1.0	-1.0	6.14822e-05	38	-1	-1	27
-1.0	-1.0	-1.0	-1.0	-1	-1	-1	-1
-1.0	-1.0	-1.0	-1.0	-1	-1	-1	-1
-1.0	-1.0	-1.0	-1.0	-1	-1	-1	-1
-1.0	-1.0	-1.0	-1.0	-1	-1	-1	-1
-1.0	-1.0	-1.0	-1.0	-1	-1	-1	-1
-1.0	-1.0	-1.0	-1.0	-1	-1	-1	-1
0.00036011	-1.0	-1.0	0.000538831	293	-1	-1	59
-1.0	-1.0	-1.0	-1.0	-1	-1	-1	-1
-1.0	-1.0	-1.0	-1.0	-1	-1	-1	-1
-1.0	-1.0	-1.0	-1.0	-1	-1	-1	-1
-1.0	-1.0	-1.0	-1.0	-1	-1	-1	-1
-1.0	-1.0	-1.0	-1.0	-1	-1	-1	-1
-1.0	-1.0	-1.0	-1.0	-1	-1	-1	-1
-1.0	-1.0	-1.0	-1.0	-1	-1	-1	-1
0.000937135	0.000810587	0.00076833	0.00100164	201	67	73	151
-1.0	-1.0	-1.0	-1.0	-1	-1	-1	-1
-1.0	-1.0	-1.0	-1.0	-1	-1	-1	-1
-1.0	-1.0	-1.0	-1.0	-1	-1	-1	-1
-1.0	-1.0	-1.0	-1.0	-1	-1	-1	-1
-1.0	-1.0	-1.0	-1.0	-1	-1	-1	-1
-1.0	-1.0	-1.0	-1.0	-1	-1	-1	-1
-1.0	-1.0	-1.0	-1.0	-1	-1	-1	-1
-1.0	-1.0	-1.0	-1.0	-1	-1	-1	-1
0.00148404	0.000390254	0.000899323	0.00151843	170	60	176	110
-1.0	-1.0	-1.0	-1.0	-1	-1	-1	-1
-1.0	-1.0	-1.0	-1.0	-1	-1	-1	-1
-1.0	-1.0	-1.0	-1.0	-1	-1	-1	-1
-1.0	-1.0	-1.0	-1.0	-1	-1	-1	-1
-1.0	-1.0	-1.0	-1.0	-1	-1	-1	-1
-1.0	-1.0	-1.0	-1.0	-1	-1	-1	-1
-1.0	-1.0	-1.0	-1.0	-1	-1	-1	-1
-1.0	-1.0	-1.0	-1.0	-1	-1	-1	-1
-1.0	-1.0	-1.0	-1.0	-1	-1	-1	-1
-1.0	-1.0	-1.0	-1.0	-1	-1	-1	-1
-1.0	-1.0	-1.0	-1.0	-1	-1	-1	-1
-1.0	-1.0	-1.0	-1.0	-1	-1	-1	-1
-1.0	-1.0	-1.0	-1.0	-1	-1	-1	-1
-1.0	-1.0	-1.0	-1.0	-1	-1	-1	-1
-1.0	-1.0	-1.0	-1.0	-1	-1	-1	-1
-1.0	-1.0	-1.0	-1.0	-1	-1	-1	-1
-1.0	-1.0	-1.0	-1.0	-1	-1	-1	-1
-1.0	-1.0	-1.0	-1.0	-1	-1	-1	-1
-1.0	-1.0	-1.0	-1.0	-1	-1	-1	-1
-1.0	-1.0	-1.0	-1.0	-1	-1	-1	-1
-1.0	-1.0	-1.0	-1.0	-1	-1	-1	-1
-1.0	-1.0	-1.0	-1.0	-1	-1	-1	-1
-1.0	-1.0	-1.0	-1.0	-1	-1	-1	-1
-1.0	-1.0	-1.0	-1.0	-1	-1	-1	-1
0.000898119	0.000391329	0.000259621	0.00139474	190	81	52	343
-1.0	-1.0	-1.0	-1.0	-1	-1	-1	-1
-1.0	-1.0	-1.0	-1.0	-1	-1	-1	-1
-1.0	-1.0	-1.0	-1.0	-1	-1	-1	-1
0.00153664	0.000761294	9.69605e-05	0.0016782	128	108	24	291
-1.0	-1.0	-1.0	-1.0	-1	-1	-1	-1
-1.0	-1.0	-1.0	-1.0	-1	-1	-1	-1
0.000600761	0.000450295	0.000360472	0.000847861	125	72	81	321
-1.0	-1.0	-1.0	-1.0	-1	-1	-1	-1
-1.0	-1.0	-1.0	-1.0	-1	-1	-1	-1
-1.0	-1.0	-1.0	-1.0	-1	-1	-1	-1
-1.0	-1.0	-1.0	-1.0	-1	-1	-1	-1
0.000342357	-1.0	-1.0	0.000302662	76	-1	-1	68
-1.0	-1.0	-1.0	-1.0	-1	-1	-1	-1
0.00115028	0.00137224	0.000848616	0.00144337	139	55	84	186
0.000845475	0.000654926	0.000511973	0.00079199	239	134	37	138
-1.0	-1.0	-1.0	-1.0	-1	-1	-1	-1
-1.0	-1.0	-1.0	-1.0	-1	-1	-1	-1
0.00123612	0.000334783	0.000251874	0.00136698	70	55	29	97
-1.0	-1.0	-1.0	-1.0	-1	-1	-1	-1
-1.0	-1.0	-1.0	-1.0	-1	-1	-1	-1
-1.0	-1.0	-1.0	-1.0	-1	-1	-1	-1
-1.0	-1.0	-1.0	-1.0	-1	-1	-1	-1
-1.0	-1.0	-1.0	-1.0	-1	-1	-1	-1
-1.0	-1.0	-1.0	-1.0	-1	-1	-1	-1
-1.0	-1.0	-1.0	-1.0	-1	-1	-1	-1
-1.0	-1.0	-1.0	-1.0	-1	-1	-1	-1
-1.0	-1.0	-1.0	-1.0	-1	-1	-1	-1
-1.0	-1.0	-1.0	-1.0	-1	-1	-1	-1
-1.0	-1.0	-1.0	-1.0	-1	-1	-1	-1
0.00130813	0.00098247	0.00095375	0.00187302	125	52	134	251
-1.0	-1.0	-1.0	-1.0	-1	-1	-1	-1
-1.0	-1.0	-1.0	-1.0	-1	-1	-1	-1
-1.0	-1.0	-1.0	-1.0	-1	-1	-1	-1
-1.0	-1.0	-1.0	-1.0	-1	-1	-1	-1
-1.0	-1.0	-1.0	-1.0	-1	-1	-1	-1
-1.0	-1.0	-1.0	-1.0	-1	-1	-1	-1
-1.0	-1.0	-1.0	-1.0	-1	-1	-1	-1
-1.0	-1.0	-1.0	0.000595	-1	-1	-1	-1
7.80512e-05	-1.0	-1.0	0.000473627	7	-1	-1	249
-1.0	-1.0	-1.0	-1.0	-1	-1	-1	-1
-1.0	-1.0	-1.0	-1.0	-1	-1	-1	-1
-1.0	-1.0	-1.0	-1.0	-1	-1	-1	-1
-1.0	-1.0	-1.0	-1.0	-1	-1	-1	-1
-1.0	-1.0	-1.0	-1.0	-1	-1	-1	-1
-1.0	-1.0	-1.0	-1.0	-1	-1	-1	-1
-1.0	-1.0	-1.0	-1.0	-1	-1	-1	-1
0.000124452	-1.0	-1.0	2.9254e-05	55	-1	-1	3
-1.0	-1.0	-1.0	-1.0	-1	-1	-1	-1
-1.0	-1.0	-1.0	-1.0	-1	-1	-1	-1
-1.0	-1.0	-1.0	-1.0	-1	-1	-1	-1
-1.0	-1.0	-1.0	-1.0	-1	-1	-1	-1
-1.0	-1.0	-1.0	-1.0	-1	-1	-1	-1
-1.0	-1.0	-1.0	-1.0	-1	-1	-1	-1
-1.0	-1.0	-1.0	-1.0	-1	-1	-1	-1
-1.0	-1.0	-1.0	-1.0	-1	-1	-1	-1
-1.0	-1.0	-1.0	-1.0	-1	-1	-1	-1
-1.0	-1.0	-1.0	-1.0	-1	-1	-1	-1
-1.0	-1.0	-1.0	-1.0	-1	-1	-1	-1
0.00161628	0.000409221	0.000307922	0.00142844	132	24	46	117
-1.0	-1.0	-1.0	-1.0	-1	-1	-1	-1
-1.0	-1.0	-1.0	-1.0	-1	-1	-1	-1
0.000747767	0.00049149	0.000503143	0.00145065	123	101	51	176
-1.0	-1.0	-1.0	-1.0	-1	-1	-1	-1
-1.0	-1.0	-1.0	-1.0	-1	-1	-1	-1
-1.0	-1.0	-1.0	-1.0	-1	-1	-1	-1
0.00161807	0.00103073	0.000950109	0.00169441	187	102	62	116
-1.0	-1.0	-1.0	-1.0	-1	-1	-1	-1
-1.0	-1.0	-1.0	-1.0	-1	-1	-1	-1
-1.0	-1.0	-1.0	-1.0	-1	-1	-1	-1
-1.0	-1.0	-1.0	-1.0	-1	-1	-1	-1
-1.0	-1.0	-1.0	-1.0	-1	-1	-1	-1
-1.0	-1.0	-1.0	-1.0	-1	-1	-1	-1
0.00157477	0.000970797	0.00117931	0.00164836	113	49	83	242
0.00104323	0.000522985	0.000310349	0.00152682	75	152	60	124
-1.0	-1.0	-1.0	-1.0	-1	-1	-1	-1
0.00145355	0.00103717	0.000441097	0.00160403	308	100	50	142
-1.0	-1.0	-1.0	-1.0	-1	-1	-1	-1
-1.0	-1.0	-1.0	-1.0	-1	-1	-1	-1
-1.0	-1.0	-1.0	-1.0	-1	-1	-1	-1
-1.0	-1.0	-1.0	-1.0	-1	-1	-1	-1
-1.0	-1.0	-1.0	-1.0	-1	-1	-1	-1
-1.0	-1.0	-1.0	-1.0	-1	-1	-1	-1
-1.0	-1.0	-1.0	-1.0	-1	-1	-1	-1
-1.0	-1.0	-1.0	-1.0	-1	-1	-1	-1
-1.0	-1.0	-1.0	5.0e-06	-1	-1	-1	-1
0.00127491	9.72055e-05	3.96805e-05	0.00102882	97	25	26	189
-1.0	-1.0	-1.0	-1.0	-1	-1	-1	-1
0.00129817	0.000898597	0.00109093	0.0016575	142	175	79	93
-1.0	-1.0	-1.0	0.0	-1	-1	-1	-1
-1.0	-1.0	-1.0	-1.0	-1	-1	-1	-1
-1.0	-1.0	-1.0	-1.0	-1	-1	-1	-1
-1.0	-1.0	-1.0	-1.0	-1	-1	-1	-1
-1.0	-1.0	-1.0	-1.0	-1	-1	-1	-1
-1.0	-1.0	-1.0	-1.0	-1	-1	-1	-1
-1.0	-1.0	-1.0	-1.0	-1	-1	-1	-1
0.000596239	0.000445531	0.000400846	0.000559013	144	56	85	81
0.00127175	0.00104408	0.0011123	0.00151597	197	213	59	176
-1.0	-1.0	-1.0	5.0e-06	-1	-1	-1	-1
-1.0	-1.0	-1.0	-1.0	-1	-1	-1	-1
-1.0	-1.0	-1.0	-1.0	-1	-1	-1	-1
-1.0	-1.0	-1.0	-1.0	-1	-1	-1	-1
-1.0	-1.0	-1.0	-1.0	-1	-1	-1	-1
0.00108509	0.000792886	0.000287883	0.00130824	245	104	45	149
0.000422563	0.000253818	0.000239093	0.000427183	131	51	54	116
-1.0	-1.0	-1.0	-1.0	-1	-1	-1	-1
-1.0	-1.0	-1.0	-1.0	-1	-1	-1	-1
-1.0	-1.0	-1.0	-1.0	-1	-1	-1	-1
-1.0	-1.0	-1.0	-1.0	-1	-1	-1	-1
-1.0	-1.0	-1.0	-1.0	-1	-1	-1	-1
-1.0	-1.0	-1.0	-1.0	-1	-1	-1	-1
-1.0	-1.0	-1.0	-1.0	-1	-1	-1	-1
-1.0	-1.0	-1.0	-1.0	-1	-1	-1	-1
-1.0	-1.0	-1.0	-1.0	-1	-1	-1	-1
-1.0	-1.0	-1.0	-1.0	-1	-1	-1	-1
-1.0	-1.0	-1.0	-1.0	-1	-1	-1	-1
-1.0	-1.0	-1.0	5.0e-06	-1	-1	-1	-1
-1.0	-1.0	-1.0	-1.0	-1	-1	-1	-1
-1.0	-1.0	-1.0	-1.0	-1	-1	-1	-1
-1.0	-1.0	-1.0	-1.0	-1	-1	-1	-1
-1.0	-1.0	-1.0	-1.0	-1	-1	-1	-1
-1.0	-1.0	-1.0	-1.0	-1	-1	-1	-1
-1.0	-1.0	-1.0	-1.0	-1	-1	-1	-1
-1.0	-1.0	-1.0	-1.0	-1	-1	-1	-1
-1.0	-1.0	-1.0	5.0e-06	-1	-1	-1	-1
-1.0	-1.0	-1.0	-1.0	-1	-1	-1	-1
-1.0	-1.0	-1.0	-1.0	-1	-1	-1	-1
-1.0	-1.0	-1.0	-1.0	-1	-1	-1	-1
-1.0	-1.0	-1.0	-1.0	-1	-1	-1	-1
-1.0	-1.0	-1.0	-1.0	-1	-1	-1	-1
-1.0	-1.0	-1.0	-1.0	-1	-1	-1	-1
-1.0	-1.0	-1.0	0.0	-1	-1	-1	-1
-1.0	-1.0	-1.0	-1.0	-1	-1	-1	-1
-1.0	-1.0	-1.0	-1.0	-1	-1	-1	-1
-1.0	-1.0	-1.0	-1.0	-1	-1	-1	-1
-1.0	-1.0	-1.0	-1.0	-1	-1	-1	-1
0.00149989	0.00105355	0.00127513	0.0016466	249	58	82	65
-1.0	-1.0	-1.0	-1.0	-1	-1	-1	-1
-1.0	-1.0	-1.0	-1.0	-1	-1	-1	-1
-1.0	-1.0	-1.0	-1.0	-1	-1	-1	-1
-1.0	-1.0	-1.0	-1.0	-1	-1	-1	-1
-1.0	-1.0	-1.0	-1.0	-1	-1	-1	-1
-1.0	-1.0	-1.0	-1.0	-1	-1	-1	-1
-1.0	-1.0	-1.0	-1.0	-1	-1	-1	-1
0.000652896	0.000373992	0.000575143	0.000801218	94	46	71	219
-1.0	-1.0	-1.0	-1.0	-1	-1	-1	-1
-1.0	-1.0	-1.0	-1.0	-1	-1	-1	-1
-1.0	-1.0	-1.0	-1.0	-1	-1	-1	-1
-1.0	-1.0	-1.0	-1.0	-1	-1	-1	-1
-1.0	-1.0	-1.0	-1.0	-1	-1	-1	-1
-1.0	-1.0	-1.0	-1.0	-1	-1	-1	-1
-1.0	-1.0	-1.0	-1.0	-1	-1	-1	-1
-1.0	-1.0	-1.0	-1.0	-1	-1	-1	-1
-1.0	-1.0	-1.0	-1.0	-1	-1	-1	-1
-1.0	-1.0	-1.0	-1.0	-1	-1	-1	-1
0.000684865	0.000579789	0.000476958	0.00083315	150	88	62	147
-1.0	-1.0	-1.0	-1.0	-1	-1	-1	-1
-1.0	-1.0	-1.0	-1.0	-1	-1	-1	-1
-1.0	-1.0	-1.0	-1.0	-1	-1	-1	-1
-1.0	-1.0	-1.0	-1.0	-1	-1	-1	-1
0.0016488	0.00163181	0.00126302	0.00163921	102	143	119	141
-1.0	-1.0	-1.0	-1.0	-1	-1	-1	-1
-1.0	-1.0	-1.0	-1.0	-1	-1	-1	-1
-1.0	-1.0	-1.0	-1.0	-1	-1	-1	-1
-1.0	-1.0	-1.0	-1.0	-1	-1	-1	-1
-1.0	-1.0	-1.0	-1.0	-1	-1	-1	-1
0.00106081	0.000610966	0.000796618	0.00175179	338	49	24	404
-1.0	-1.0	-1.0	-1.0	-1	-1	-1	-1
-1.0	-1.0	-1.0	-1.0	-1	-1	-1	-1
-1.0	-1.0	-1.0	1.0e-05	-1	-1	-1	-1
-1.0	-1.0	-1.0	-1.0	-1	-1	-1	-1
-1.0	-1.0	-1.0	5.0e-06	-1	-1	-1	-1
-1.0	-1.0	-1.0	-1.0	-1	-1	-1	-1
-1.0	-1.0	-1.0	-1.0	-1	-1	-1	-1
-1.0	-1.0	-1.0	-1.0	-1	-1	-1	-1
-1.0	-1.0	-1.0	-1.0	-1	-1	-1	-1
-1.0	-1.0	-1.0	-1.0	-1	-1	-1	-1
-1.0	-1.0	-1.0	-1.0	-1	-1	-1	-1
-1.0	-1.0	-1.0	-1.0	-1	-1	-1	-1
-1.0	-1.0	-1.0	-1.0	-1	-1	-1	-1
-1.0	-1.0	-1.0	-1.0	-1	-1	-1	-1
-1.0	-1.0	-1.0	-1.0	-1	-1	-1	-1
-1.0	-1.0	-1.0	-1.0	-1	-1	-1	-1
-1.0	-1.0	-1.0	-1.0	-1	-1	-1	-1
-1.0	-1.0	-1.0	-1.0	-1	-1	-1	-1
-1.0	-1.0	-1.0	-1.0	-1	-1	-1	-1
0.00117158	0.00104497	0.000614985	0.00120208	85	56	119	308
0.00135429	0.000916316	0.00101848	0.00169886	134	143	93	266
-1.0	-1.0	-1.0	-1.0	-1	-1	-1	-1
-1.0	-1.0	-1.0	-1.0	-1	-1	-1	-1
-1.0	-1.0	-1.0	-1.0	-1	-1	-1	-1
-1.0	-1.0	-1.0	-1.0	-1	-1	-1	-1
-1.0	-1.0	-1.0	-1.0	-1	-1	-1	-1
-1.0	-1.0	-1.0	0.0	-1	-1	-1	-1
-1.0	-1.0	-1.0	-1.0	-1	-1	-1	-1
-1.0	-1.0	-1.0	-1.0	-1	-1	-1	-1
-1.0	-1.0	-1.0	-1.0	-1	-1	-1	-1
-1.0	-1.0	-1.0	-1.0	-1	-1	-1	-1
0.00100691	0.000556979	0.000605374	0.00112392	180	34	98	180
-1.0	-1.0	-1.0	-1.0	-1	-1	-1	-1
0.000233872	7.56457e-05	-1.0	0.000278073	74	26	-1	102
-1.0	-1.0	-1.0	-1.0	-1	-1	-1	-1
0.00107242	0.000801344	0.00107945	0.00115071	200	57	163	172
-1.0	-1.0	-1.0	-1.0	-1	-1	-1	-1
-1.0	-1.0	-1.0	-1.0	-1	-1	-1	-1
-1.0	-1.0	-1.0	-1.0	-1	-1	-1	-1
-1.0	-1.0	-1.0	-1.0	-1	-1	-1	-1
-1.0	-1.0	-1.0	-1.0	-1	-1	-1	-1
-1.0	-1.0	-1.0	-1.0	-1	-1	-1	-1
-1.0	-1.0	-1.0	-1.0	-1	-1	-1	-1
-1.0	-1.0	-1.0	-1.0	-1	-1	-1	-1
-1.0	-1.0	-1.0	-1.0	-1	-1	-1	-1
-1.0	-1.0	-1.0	-1.0	-1	-1	-1	-1
-1.0	-1.0	-1.0	-1.0	-1	-1	-1	-1
5.0e-06	-1.0	-1.0	-1.0	-1	-1	-1	-1
-1.0	-1.0	-1.0	-1.0	-1	-1	-1	-1
-1.0	-1.0	-1.0	-1.0	-1	-1	-1	-1
-1.0	-1.0	-1.0	-1.0	-1	-1	-1	-1
-1.0	-1.0	-1.0	-1.0	-1	-1	-1	-1
-1.0	-1.0	-1.0	-1.0	-1	-1	-1	-1
-1.0	-1.0	-1.0	-1.0	-1	-1	-1	-1
-1.0	-1.0	-1.0	-1.0	-1	-1	-1	-1
-1.0	-1.0	-1.0	-1.0	-1	-1	-1	-1
-1.0	-1.0	-1.0	-1.0	-1	-1	-1	-1
-1.0	-1.0	-1.0	-1.0	-1	-1	-1	-1
-1.0	-1.0	-1.0	-1.0	-1	-1	-1	-1
-1.0	-1.0	-1.0	-1.0	-1	-1	-1	-1
-1.0	-1.0	-1.0	-1.0	-1	-1	-1	-1
-1.0	-1.0	-1.0	-1.0	-1	-1	-1	-1
0.000767524	0.00075	0.000152906	0.000857197	97	123	47	273
-1.0	-1.0	-1.0	-1.0	-1	-1	-1	-1
-1.0	-1.0	-1.0	-1.0	-1	-1	-1	-1
-1.0	-1.0	-1.0	-1.0	-1	-1	-1	-1
-1.0	-1.0	-1.0	-1.0	-1	-1	-1	-1
-1.0	-1.0	-1.0	-1.0	-1	-1	-1	-1
-1.0	-1.0	-1.0	-1.0	-1	-1	-1	-1
-1.0	-1.0	-1.0	-1.0	-1	-1	-1	-1
-1.0	-1.0	-1.0	-1.0	-1	-1	-1	-1
-1.0	-1.0	-1.0	-1.0	-1	-1	-1	-1
9.94278e-05	-1.0	-1.0	8.46388e-05	34	-1	-1	21
-1.0	-1.0	-1.0	-1.0	-1	-1	-1	-1
-1.0	-1.0	-1.0	-1.0	-1	-1	-1	-1
-1.0	-1.0	-1.0	-1.0	-1	-1	-1	-1
-1.0	-1.0	-1.0	-1.0	-1	-1	-1	-1
0.00104346	0.00075928	0.000445631	0.00102119	146	137	70	162
-1.0	-1.0	-1.0	-1.0	-1	-1	-1	-1
-1.0	-1.0	-1.0	5.0e-06	-1	-1	-1	-1
-1.0	-1.0	-1.0	-1.0	-1	-1	-1	-1
-1.0	-1.0	-1.0	-1.0	-1	-1	-1	-1
-1.0	-1.0	-1.0	-1.0	-1	-1	-1	-1
-1.0	-1.0	-1.0	-1.0	-1	-1	-1	-1
0.00110748	0.000701417	0.000338555	0.00116209	191	65	61	210
0.00138347	0.000619931	0.0010541	0.00158332	198	44	116	255
-1.0	-1.0	-1.0	-1.0	-1	-1	-1	-1
0.000946775	0.000903436	0.000740871	0.0010039	177	79	52	224
-1.0	-1.0	-1.0	-1.0	-1	-1	-1	-1
-1.0	-1.0	-1.0	-1.0	-1	-1	-1	-1
-1.0	-1.0	-1.0	-1.0	-1	-1	-1	-1
-1.0	-1.0	-1.0	-1.0	-1	-1	-1	-1
0.000656472	0.000572966	0.000524367	0.00077726	96	56	67	197
0.00172428	0.00160545	0.00116768	0.00170817	167	68	114	132
0.00167638	0.00081451	0.000857525	0.00159876	237	40	98	345
0.000873535	0.000664299	0.00040815	0.000963214	216	49	134	115
0.00151452	0.00111223	0.000834113	0.00168673	110	37	72	150
0.000916531	0.000621391	0.000280232	0.00131744	210	92	29	140
